1	1
2	2
3	3
4	4
5	5
6	6
7	7
8	8
9	9
10	10
11	11
12	12
13	13
14	14
15	15
16	16
17	17
18	18
19	19
20	20
21	21
22	22
23	23
24	24
25	25
26	26
27	27
28	28
29	29
30	30
31	31
32	32
33	33
34	34
35	35
36	36
37	37
38	38
39	39
40	40
41	41
42	42
43	43
44	44
45	45
46	46
47	47
48	48
49	49
50	50
51	51
52	52
53	53
54	54
55	55
56	56
57	57
58	58
59	59
60	60
61	61
62	62
63	63
64	64
65	65
66	66
67	67
68	68
69	69
70	70
71	71
72	72
73	73
74	74
75	75
76	76
77	77
78	78
79	79
80	80
81	81
82	82
83	83
84	84
85	85
86	86
87	87
88	88
89	89
90	90
91	91
92	92
93	93
94	94
95	95
96	96
97	97
98	98
99	99
100	100
101	101
102	102
103	103
104	104
105	105
106	106
107	107
108	108
109	109
110	110
111	111
112	112
113	113
114	114
115	115
116	116
117	117
118	118
119	119
120	120
121	121
122	122
123	123
124	124
125	125
126	126
127	127
128	128
129	129
130	130
131	131
132	132
133	133
134	134
135	135
136	136
137	137
138	138
139	139
140	140
141	141
142	142
143	143
144	144
145	145
146	146
147	147
148	148
149	149
150	150
151	151
152	152
153	153
154	154
155	155
156	156
157	157
158	158
159	159
160	160
161	161
162	162
163	163
164	164
165	165
166	166
167	167
168	168
169	169
170	170
171	171
172	172
173	173
174	174
175	175
176	176
177	177
178	178
179	179
180	180
181	181
182	182
183	183
184	184
185	185
186	186
187	187
188	188
189	189
190	190
191	191
192	192
193	193
194	194
195	195
196	196
197	197
198	198
199	199
200	200
201	201
202	202
203	203
204	204
205	205
206	206
207	207
208	208
209	209
210	210
211	211
212	212
213	213
214	214
215	215
216	216
217	217
218	218
219	219
220	220
221	221
222	222
223	223
224	224
225	225
226	226
227	227
228	228
229	229
230	230
231	231
232	232
233	233
234	234
235	235
236	236
237	237
238	238
239	239
240	240
241	241
242	242
243	243
244	244
245	245
246	246
247	247
248	248
249	249
250	250
251	251
252	252
253	253
254	254
255	255
256	256
257	257
258	258
259	259
260	260
261	261
262	262
263	263
264	264
265	265
266	266
267	267
268	268
269	269
270	270
271	271
272	272
273	273
274	274
275	275
276	276
277	277
278	278
279	279
280	280
281	281
282	282
283	283
284	284
285	285
286	286
287	287
288	288
289	289
290	290
291	291
292	292
293	293
294	294
295	295
296	296
297	297
298	298
299	299
300	300
301	301
302	302
303	303
304	304
305	305
306	306
307	307
308	308
309	309
310	310
311	311
312	312
313	313
314	314
315	315
316	316
317	317
318	318
319	319
320	320
321	321
322	322
323	323
324	324
325	325
326	326
327	327
328	328
329	329
330	330
331	331
332	332
333	333
334	334
335	335
336	336
337	337
338	338
339	339
340	340
341	341
342	342
343	343
344	344
345	345
346	346
347	347
348	348
349	349
350	350
351	351
352	352
353	353
354	354
355	355
356	356
357	357
358	358
359	359
360	360
361	361
362	362
363	363
364	364
365	365
366	366
367	367
368	368
369	369
370	370
371	371
372	372
373	373
374	374
375	375
376	376
377	377
378	378
379	379
380	380
381	381
382	382
383	383
384	384
385	385
386	386
387	387
388	388
389	389
390	390
391	391
392	392
393	393
394	394
395	395
396	396
397	397
398	398
399	399
400	400
401	401
402	402
403	403
404	404
405	405
406	406
407	407
408	408
409	409
410	410
411	411
412	412
413	413
414	414
415	415
416	416
417	417
418	418
419	419
420	420
421	421
422	422
423	423
424	424
425	425
426	426
427	427
428	428
429	429
430	430
431	431
432	432
433	433
434	434
435	435
436	436
437	437
438	438
439	439
440	440
441	441
442	442
443	443
444	444
445	445
446	446
447	447
448	448
449	449
450	450
451	451
452	452
453	453
454	454
455	455
456	456
457	457
458	458
459	459
460	460
461	461
462	462
463	463
464	464
465	465
466	466
467	467
468	468
469	469
470	470
471	471
472	472
473	473
474	474
475	475
476	476
477	477
478	478
479	479
480	480
481	481
482	482
483	483
484	484
485	485
486	486
487	487
488	488
489	489
490	490
491	491
492	492
493	493
494	494
495	495
496	496
497	497
498	498
499	499
500	500
501	501
502	502
503	503
504	504
505	505
506	506
507	507
508	508
509	509
510	510
511	511
512	512
513	513
514	514
515	515
516	516
517	517
518	518
519	519
520	520
521	521
522	522
523	523
524	524
525	525
526	526
527	527
528	528
529	529
530	530
531	531
532	532
533	533
534	534
535	535
536	536
537	537
538	538
539	539
540	540
541	541
542	542
543	543
544	544
545	545
546	546
547	547
548	548
549	549
550	550
551	551
552	552
553	553
554	554
555	555
556	556
557	557
558	558
559	559
560	560
561	561
562	562
563	563
564	564
565	565
566	566
567	567
568	568
569	569
570	570
571	571
572	572
573	573
574	574
575	575
576	576
577	577
578	578
579	579
580	580
581	581
582	582
583	583
584	584
585	585
586	586
587	587
588	588
589	589
590	590
591	591
592	592
593	593
594	594
595	595
596	596
597	597
598	598
599	599
600	600
601	601
602	602
603	603
604	604
605	605
606	606
607	607
608	608
609	609
610	610
611	611
612	612
613	613
614	614
615	615
616	616
617	617
618	618
619	619
620	620
621	621
622	622
623	623
624	624
625	625
626	626
627	627
628	628
629	629
630	630
631	631
632	632
633	633
634	634
635	635
636	636
637	637
638	638
639	639
640	640
641	641
642	642
643	643
644	644
645	645
646	646
647	647
648	648
649	649
650	650
651	651
652	652
653	653
654	654
655	655
656	656
657	657
658	658
659	659
660	660
661	661
662	662
663	663
664	664
665	665
666	666
667	667
668	668
669	669
670	670
671	671
672	672
673	673
674	674
675	675
676	676
677	677
678	678
679	679
680	680
681	681
682	682
683	683
684	684
685	685
686	686
687	687
688	688
689	689
690	690
691	691
692	692
693	693
694	694
695	695
696	696
697	697
698	698
699	699
700	700
701	701
702	702
703	703
704	704
705	705
706	706
707	707
708	708
709	709
710	710
711	711
712	712
713	713
714	714
715	715
716	716
717	717
718	718
719	719
720	720
721	721
722	722
723	723
724	724
725	725
726	726
727	727
728	728
729	729
730	730
731	731
732	732
733	733
734	734
735	735
736	736
737	737
738	738
739	739
740	740
741	741
742	742
743	743
744	744
745	745
746	746
747	747
748	748
749	749
750	750
751	751
752	752
753	753
754	754
755	755
756	756
757	757
758	758
759	759
760	760
761	761
762	762
763	763
764	764
765	765
766	766
767	767
768	768
769	769
770	770
771	771
772	772
773	773
774	774
775	775
776	776
777	777
778	778
779	779
780	780
781	781
782	782
783	783
784	784
785	785
786	786
787	787
788	788
789	789
790	790
791	791
792	792
793	793
794	794
795	795
796	796
797	797
798	798
799	799
800	800
801	801
802	802
803	803
804	804
805	805
806	806
807	807
808	808
809	809
810	810
811	811
812	812
813	813
814	814
815	815
816	816
817	817
818	818
819	819
820	820
821	821
822	822
823	823
824	824
825	825
826	826
827	827
828	828
829	829
830	830
831	831
832	832
833	833
834	834
835	835
836	836
837	837
838	838
839	839
840	840
841	841
842	842
843	843
844	844
845	845
846	846
847	847
848	848
849	849
850	850
851	851
852	852
853	853
854	854
855	855
856	856
857	857
858	858
859	859
860	860
861	861
862	862
863	863
864	864
865	865
866	866
867	867
868	868
869	869
870	870
871	871
872	872
873	873
874	874
875	875
876	876
877	877
878	878
879	879
880	880
881	881
882	882
883	883
884	884
885	885
886	886
887	887
888	888
889	889
890	890
891	891
892	892
893	893
894	894
895	895
896	896
897	897
898	898
899	899
900	900
901	901
902	902
903	903
904	904
905	905
906	906
907	907
908	908
909	909
910	910
911	911
912	912
913	913
914	914
915	915
916	916
917	917
918	918
919	919
920	920
921	921
922	922
923	923
924	924
925	925
926	926
927	927
928	928
929	929
930	930
931	931
932	932
933	933
934	934
935	935
936	936
937	937
938	938
939	939
940	940
941	941
942	942
943	943
944	944
945	945
946	946
947	947
948	948
949	949
950	950
951	951
952	952
953	953
954	954
955	955
956	956
957	957
958	958
959	959
960	960
961	961
962	962
963	963
964	964
965	965
966	966
967	967
968	968
969	969
970	970
971	971
972	972
973	973
974	974
975	975
976	976
977	977
978	978
979	979
980	980
981	981
982	982
983	983
984	984
985	985
986	986
987	987
988	988
989	989
990	990
991	991
992	992
993	993
994	994
995	995
996	996
997	997
998	998
999	999
1000	1000
1001	1001
1002	1002
1003	1003
1004	1004
1005	1005
1006	1006
1007	1007
1008	1008
1009	1009
1010	1010
1011	1011
1012	1012
1013	1013
1014	1014
1015	1015
1016	1016
1017	1017
1018	1018
1019	1019
1020	1020
1021	1021
1022	1022
1023	1023
1024	1024
1025	1025
1026	1026
1027	1027
1028	1028
1029	1029
1030	1030
1031	1031
1032	1032
1033	1033
1034	1034
1035	1035
1036	1036
1037	1037
1038	1038
1039	1039
1040	1040
1041	1041
1042	1042
1043	1043
1044	1044
1045	1045
1046	1046
1047	1047
1048	1048
1049	1049
1050	1050
1051	1051
1052	1052
1053	1053
1054	1054
1055	1055
1056	1056
1057	1057
1058	1058
1059	1059
1060	1060
1061	1061
1062	1062
1063	1063
1064	1064
1065	1065
1066	1066
1067	1067
1068	1068
1069	1069
1070	1070
1071	1071
1072	1072
1073	1073
1074	1074
1075	1075
1076	1076
1077	1077
1078	1078
1079	1079
1080	1080
1081	1081
1082	1082
1083	1083
1084	1084
1085	1085
1086	1086
1087	1087
1088	1088
1089	1089
1090	1090
1091	1091
1092	1092
1093	1093
1094	1094
1095	1095
1096	1096
1097	1097
1098	1098
1099	1099
1100	1100
1101	1101
1102	1102
1103	1103
1104	1104
1105	1105
1106	1106
1107	1107
1108	1108
1109	1109
1110	1110
1111	1111
1112	1112
1113	1113
1114	1114
1115	1115
1116	1116
1117	1117
1118	1118
1119	1119
1120	1120
1121	1121
1122	1122
1123	1123
1124	1124
1125	1125
1126	1126
1127	1127
1128	1128
1129	1129
1130	1130
1131	1131
1132	1132
1133	1133
1134	1134
1135	1135
1136	1136
1137	1137
1138	1138
1139	1139
1140	1140
1141	1141
1142	1142
1143	1143
1144	1144
1145	1145
1146	1146
1147	1147
1148	1148
1149	1149
1150	1150
1151	1151
1152	1152
1153	1153
1154	1154
1155	1155
1156	1156
1157	1157
1158	1158
1159	1159
1160	1160
1161	1161
1162	1162
1163	1163
1164	1164
1165	1165
1166	1166
1167	1167
1168	1168
1169	1169
1170	1170
1171	1171
1172	1172
1173	1173
1174	1174
1175	1175
1176	1176
1177	1177
1178	1178
1179	1179
1180	1180
1181	1181
1182	1182
1183	1183
1184	1184
1185	1185
1186	1186
1187	1187
1188	1188
1189	1189
1190	1190
1191	1191
1192	1192
1193	1193
1194	1194
1195	1195
1196	1196
1197	1197
1198	1198
1199	1199
1200	1200
1201	1201
1202	1202
1203	1203
1204	1204
1205	1205
1206	1206
1207	1207
1208	1208
1209	1209
1210	1210
1211	1211
1212	1212
1213	1213
1214	1214
1215	1215
1216	1216
1217	1217
1218	1218
1219	1219
1220	1220
1221	1221
1222	1222
1223	1223
1224	1224
1225	1225
1226	1226
1227	1227
1228	1228
1229	1229
1230	1230
1231	1231
1232	1232
1233	1233
1234	1234
1235	1235
1236	1236
1237	1237
1238	1238
1239	1239
1240	1240
1241	1241
1242	1242
1243	1243
1244	1244
1245	1245
1246	1246
1247	1247
1248	1248
1249	1249
1250	1250
1251	1251
1252	1252
1253	1253
1254	1254
1255	1255
1256	1256
1257	1257
1258	1258
1259	1259
1260	1260
1261	1261
1262	1262
1263	1263
1264	1264
1265	1265
1266	1266
1267	1267
1268	1268
1269	1269
1270	1270
1271	1271
1272	1272
1273	1273
1274	1274
1275	1275
1276	1276
1277	1277
1278	1278
1279	1279
1280	1280
1281	1281
1282	1282
1283	1283
1284	1284
1285	1285
1286	1286
1287	1287
1288	1288
1289	1289
1290	1290
1291	1291
1292	1292
1293	1293
1294	1294
1295	1295
1296	1296
1297	1297
1298	1298
1299	1299
1300	1300
1301	1301
1302	1302
1303	1303
1304	1304
1305	1305
1306	1306
1307	1307
1308	1308
1309	1309
1310	1310
1311	1311
1312	1312
1313	1313
1314	1314
1315	1315
1316	1316
1317	1317
1318	1318
1319	1319
1320	1320
1321	1321
1322	1322
1323	1323
1324	1324
1325	1325
1326	1326
1327	1327
1328	1328
1329	1329
1330	1330
1331	1331
1332	1332
1333	1333
1334	1334
1335	1335
1336	1336
1337	1337
1338	1338
1339	1339
1340	1340
1341	1341
1342	1342
1343	1343
1344	1344
1345	1345
1346	1346
1347	1347
1348	1348
1349	1349
1350	1350
1351	1351
1352	1352
1353	1353
1354	1354
1355	1355
1356	1356
1357	1357
1358	1358
1359	1359
1360	1360
1361	1361
1362	1362
1363	1363
1364	1364
1365	1365
1366	1366
1367	1367
1368	1368
1369	1369
1370	1370
1371	1371
1372	1372
1373	1373
1374	1374
1375	1375
1376	1376
1377	1377
1378	1378
1379	1379
1380	1380
1381	1381
1382	1382
1383	1383
1384	1384
1385	1385
1386	1386
1387	1387
1388	1388
1389	1389
1390	1390
1391	1391
1392	1392
1393	1393
1394	1394
1395	1395
1396	1396
1397	1397
1398	1398
1399	1399
1400	1400
1401	1401
1402	1402
1403	1403
1404	1404
1405	1405
1406	1406
1407	1407
1408	1408
1409	1409
1410	1410
1411	1411
1412	1412
1413	1413
1414	1414
1415	1415
1416	1416
1417	1417
1418	1418
1419	1419
1420	1420
1421	1421
1422	1422
1423	1423
1424	1424
1425	1425
1426	1426
1427	1427
1428	1428
1429	1429
1430	1430
1431	1431
1432	1432
1433	1433
1434	1434
1435	1435
1436	1436
1437	1437
1438	1438
1439	1439
1440	1440
1441	1441
1442	1442
1443	1443
1444	1444
1445	1445
1446	1446
1447	1447
1448	1448
1449	1449
1450	1450
1451	1451
1452	1452
1453	1453
1454	1454
1455	1455
1456	1456
1457	1457
1458	1458
1459	1459
1460	1460
1461	1461
1462	1462
1463	1463
1464	1464
1465	1465
1466	1466
1467	1467
1468	1468
1469	1469
1470	1470
1471	1471
1472	1472
1473	1473
1474	1474
1475	1475
1476	1476
1477	1477
1478	1478
1479	1479
1480	1480
1481	1481
1482	1482
1483	1483
1484	1484
1485	1485
1486	1486
1487	1487
1488	1488
1489	1489
1490	1490
1491	1491
1492	1492
1493	1493
1494	1494
1495	1495
1496	1496
1497	1497
1498	1498
1499	1499
1500	1500
1501	1501
1502	1502
1503	1503
1504	1504
1505	1505
1506	1506
1507	1507
1508	1508
1509	1509
1510	1510
1511	1511
1512	1512
1513	1513
1514	1514
1515	1515
1516	1516
1517	1517
1518	1518
1519	1519
1520	1520
1521	1521
1522	1522
1523	1523
1524	1524
1525	1525
1526	1526
1527	1527
1528	1528
1529	1529
1530	1530
1531	1531
1532	1532
1533	1533
1534	1534
1535	1535
1536	1536
1537	1537
1538	1538
1539	1539
1540	1540
1541	1541
1542	1542
1543	1543
1544	1544
1545	1545
1546	1546
1547	1547
1548	1548
1549	1549
1550	1550
1551	1551
1552	1552
1553	1553
1554	1554
1555	1555
1556	1556
1557	1557
1558	1558
1559	1559
1560	1560
1561	1561
1562	1562
1563	1563
1564	1564
1565	1565
1566	1566
1567	1567
1568	1568
1569	1569
1570	1570
1571	1571
1572	1572
1573	1573
1574	1574
1575	1575
1576	1576
1577	1577
1578	1578
1579	1579
1580	1580
1581	1581
1582	1582
1583	1583
1584	1584
1585	1585
1586	1586
1587	1587
1588	1588
1589	1589
1590	1590
1591	1591
1592	1592
1593	1593
1594	1594
1595	1595
1596	1596
1597	1597
1598	1598
1599	1599
1600	1600
1601	1601
1602	1602
1603	1603
1604	1604
1605	1605
1606	1606
1607	1607
1608	1608
1609	1609
1610	1610
1611	1611
1612	1612
1613	1613
1614	1614
1615	1615
1616	1616
1617	1617
1618	1618
1619	1619
1620	1620
1621	1621
1622	1622
1623	1623
1624	1624
1625	1625
1626	1626
1627	1627
1628	1628
1629	1629
1630	1630
1631	1631
1632	1632
1633	1633
1634	1634
1635	1635
1636	1636
1637	1637
1638	1638
1639	1639
1640	1640
1641	1641
1642	1642
1643	1643
1644	1644
1645	1645
1646	1646
1647	1647
1648	1648
1649	1649
1650	1650
1651	1651
1652	1652
1653	1653
1654	1654
1655	1655
1656	1656
1657	1657
1658	1658
1659	1659
1660	1660
1661	1661
1662	1662
1663	1663
1664	1664
1665	1665
1666	1666
1667	1667
1668	1668
1669	1669
1670	1670
1671	1671
1672	1672
1673	1673
1674	1674
1675	1675
1676	1676
1677	1677
1678	1678
1679	1679
1680	1680
1681	1681
1682	1682
1683	1683
1684	1684
1685	1685
1686	1686
1687	1687
1688	1688
1689	1689
1690	1690
1691	1691
1692	1692
1693	1693
1694	1694
1695	1695
1696	1696
1697	1697
1698	1698
1699	1699
1700	1700
1701	1701
1702	1702
1703	1703
1704	1704
1705	1705
1706	1706
1707	1707
1708	1708
1709	1709
1710	1710
1711	1711
1712	1712
1713	1713
1714	1714
1715	1715
1716	1716
1717	1717
1718	1718
1719	1719
1720	1720
1721	1721
1722	1722
1723	1723
1724	1724
1725	1725
1726	1726
1727	1727
1728	1728
1729	1729
1730	1730
1731	1731
1732	1732
1733	1733
1734	1734
1735	1735
1736	1736
1737	1737
1738	1738
1739	1739
1740	1740
1741	1741
1742	1742
1743	1743
1744	1744
1745	1745
1746	1746
1747	1747
1748	1748
1749	1749
1750	1750
1751	1751
1752	1752
1753	1753
1754	1754
1755	1755
1756	1756
1757	1757
1758	1758
1759	1759
1760	1760
1761	1761
1762	1762
1763	1763
1764	1764
1765	1765
1766	1766
1767	1767
1768	1768
1769	1769
1770	1770
1771	1771
1772	1772
1773	1773
1774	1774
1775	1775
1776	1776
1777	1777
1778	1778
1779	1779
1780	1780
1781	1781
1782	1782
1783	1783
1784	1784
1785	1785
1786	1786
1787	1787
1788	1788
1789	1789
1790	1790
1791	1791
1792	1792
1793	1793
1794	1794
1795	1795
1796	1796
1797	1797
1798	1798
1799	1799
1800	1800
1801	1801
1802	1802
1803	1803
1804	1804
1805	1805
1806	1806
1807	1807
1808	1808
1809	1809
1810	1810
1811	1811
1812	1812
1813	1813
1814	1814
1815	1815
1816	1816
1817	1817
1818	1818
1819	1819
1820	1820
1821	1821
1822	1822
1823	1823
1824	1824
1825	1825
1826	1826
1827	1827
1828	1828
1829	1829
1830	1830
1831	1831
1832	1832
1833	1833
1834	1834
1835	1835
1836	1836
1837	1837
1838	1838
1839	1839
1840	1840
1841	1841
1842	1842
1843	1843
1844	1844
1845	1845
1846	1846
1847	1847
1848	1848
1849	1849
1850	1850
1851	1851
1852	1852
1853	1853
1854	1854
1855	1855
1856	1856
1857	1857
1858	1858
1859	1859
1860	1860
1861	1861
1862	1862
1863	1863
1864	1864
1865	1865
1866	1866
1867	1867
1868	1868
1869	1869
1870	1870
1871	1871
1872	1872
1873	1873
1874	1874
1875	1875
1876	1876
1877	1877
1878	1878
1879	1879
1880	1880
1881	1881
1882	1882
1883	1883
1884	1884
1885	1885
1886	1886
1887	1887
1888	1888
1889	1889
1890	1890
1891	1891
1892	1892
1893	1893
1894	1894
1895	1895
1896	1896
1897	1897
1898	1898
1899	1899
1900	1900
1901	1901
1902	1902
1903	1903
1904	1904
1905	1905
1906	1906
1907	1907
1908	1908
1909	1909
1910	1910
1911	1911
1912	1912
1913	1913
1914	1914
1915	1915
1916	1916
1917	1917
1918	1918
1919	1919
1920	1920
1921	1921
1922	1922
1923	1923
1924	1924
1925	1925
1926	1926
1927	1927
1928	1928
1929	1929
1930	1930
1931	1931
1932	1932
1933	1933
1934	1934
1935	1935
1936	1936
1937	1937
1938	1938
1939	1939
1940	1940
1941	1941
1942	1942
1943	1943
1944	1944
1945	1945
1946	1946
1947	1947
1948	1948
1949	1949
1950	1950
1951	1951
1952	1952
1953	1953
1954	1954
1955	1955
1956	1956
1957	1957
1958	1958
1959	1959
1960	1960
1961	1961
1962	1962
1963	1963
1964	1964
1965	1965
1966	1966
1967	1967
1968	1968
1969	1969
1970	1970
1971	1971
1972	1972
1973	1973
1974	1974
1975	1975
1976	1976
1977	1977
1978	1978
1979	1979
1980	1980
1981	1981
1982	1982
1983	1983
1984	1984
1985	1985
1986	1986
1987	1987
1988	1988
1989	1989
1990	1990
1991	1991
1992	1992
1993	1993
1994	1994
1995	1995
1996	1996
1997	1997
1998	1998
1999	1999
2000	2000
2001	2001
2002	2002
2003	2003
2004	2004
2005	2005
2006	2006
2007	2007
2008	2008
2009	2009
2010	2010
2011	2011
2012	2012
2013	2013
2014	2014
2015	2015
2016	2016
2017	2017
2018	2018
2019	2019
2020	2020
2021	2021
2022	2022
2023	2023
2024	2024
2025	2025
2026	2026
2027	2027
2028	2028
2029	2029
2030	2030
2031	2031
2032	2032
2033	2033
2034	2034
2035	2035
2036	2036
2037	2037
2038	2038
2039	2039
2040	2040
2041	2041
2042	2042
2043	2043
2044	2044
2045	2045
2046	2046
2047	2047
2048	2048
2049	2049
2050	2050
2051	2051
2052	2052
2053	2053
2054	2054
2055	2055
2056	2056
2057	2057
2058	2058
2059	2059
2060	2060
2061	2061
2062	2062
2063	2063
2064	2064
2065	2065
2066	2066
2067	2067
2068	2068
2069	2069
2070	2070
2071	2071
2072	2072
2073	2073
2074	2074
2075	2075
2076	2076
2077	2077
2078	2078
2079	2079
2080	2080
2081	2081
2082	2082
2083	2083
2084	2084
2085	2085
2086	2086
2087	2087
2088	2088
2089	2089
2090	2090
2091	2091
2092	2092
2093	2093
2094	2094
2095	2095
2096	2096
2097	2097
2098	2098
2099	2099
2100	2100
2101	2101
2102	2102
2103	2103
2104	2104
2105	2105
2106	2106
2107	2107
2108	2108
2109	2109
2110	2110
2111	2111
2112	2112
2113	2113
2114	2114
2115	2115
2116	2116
2117	2117
2118	2118
2119	2119
2120	2120
2121	2121
2122	2122
2123	2123
2124	2124
2125	2125
2126	2126
2127	2127
2128	2128
2129	2129
2130	2130
2131	2131
2132	2132
2133	2133
2134	2134
2135	2135
2136	2136
2137	2137
2138	2138
2139	2139
2140	2140
2141	2141
2142	2142
2143	2143
2144	2144
2145	2145
2146	2146
2147	2147
2148	2148
2149	2149
2150	2150
2151	2151
2152	2152
2153	2153
2154	2154
2155	2155
2156	2156
2157	2157
2158	2158
2159	2159
2160	2160
2161	2161
2162	2162
2163	2163
2164	2164
2165	2165
2166	2166
2167	2167
2168	2168
2169	2169
2170	2170
2171	2171
2172	2172
2173	2173
2174	2174
2175	2175
2176	2176
2177	2177
2178	2178
2179	2179
2180	2180
2181	2181
2182	2182
2183	2183
2184	2184
2185	2185
2186	2186
2187	2187
2188	2188
2189	2189
2190	2190
2191	2191
2192	2192
2193	2193
2194	2194
2195	2195
2196	2196
2197	2197
2198	2198
2199	2199
2200	2200
2201	2201
2202	2202
2203	2203
2204	2204
2205	2205
2206	2206
2207	2207
2208	2208
2209	2209
2210	2210
2211	2211
2212	2212
2213	2213
2214	2214
2215	2215
2216	2216
2217	2217
2218	2218
2219	2219
2220	2220
2221	2221
2222	2222
2223	2223
2224	2224
2225	2225
2226	2226
2227	2227
2228	2228
2229	2229
2230	2230
2231	2231
2232	2232
2233	2233
2234	2234
2235	2235
2236	2236
2237	2237
2238	2238
2239	2239
2240	2240
2241	2241
2242	2242
2243	2243
2244	2244
2245	2245
2246	2246
2247	2247
2248	2248
2249	2249
2250	2250
2251	2251
2252	2252
2253	2253
2254	2254
2255	2255
2256	2256
2257	2257
2258	2258
2259	2259
2260	2260
2261	2261
2262	2262
2263	2263
2264	2264
2265	2265
2266	2266
2267	2267
2268	2268
2269	2269
2270	2270
2271	2271
2272	2272
2273	2273
2274	2274
2275	2275
2276	2276
2277	2277
2278	2278
2279	2279
2280	2280
2281	2281
2282	2282
2283	2283
2284	2284
2285	2285
2286	2286
2287	2287
2288	2288
2289	2289
2290	2290
2291	2291
2292	2292
2293	2293
2294	2294
2295	2295
2296	2296
2297	2297
2298	2298
2299	2299
2300	2300
2301	2301
2302	2302
2303	2303
2304	2304
2305	2305
2306	2306
2307	2307
2308	2308
2309	2309
2310	2310
2311	2311
2312	2312
2313	2313
2314	2314
2315	2315
2316	2316
2317	2317
2318	2318
2319	2319
2320	2320
2321	2321
2322	2322
2323	2323
2324	2324
2325	2325
2326	2326
2327	2327
2328	2328
2329	2329
2330	2330
2331	2331
2332	2332
2333	2333
2334	2334
2335	2335
2336	2336
2337	2337
2338	2338
2339	2339
2340	2340
2341	2341
2342	2342
2343	2343
2344	2344
2345	2345
2346	2346
2347	2347
2348	2348
2349	2349
2350	2350
2351	2351
2352	2352
2353	2353
2354	2354
2355	2355
2356	2356
2357	2357
2358	2358
2359	2359
2360	2360
2361	2361
2362	2362
2363	2363
2364	2364
2365	2365
2366	2366
2367	2367
2368	2368
2369	2369
2370	2370
2371	2371
2372	2372
2373	2373
2374	2374
2375	2375
2376	2376
2377	2377
2378	2378
2379	2379
2380	2380
2381	2381
2382	2382
2383	2383
2384	2384
2385	2385
2386	2386
2387	2387
2388	2388
2389	2389
2390	2390
2391	2391
2392	2392
2393	2393
2394	2394
2395	2395
2396	2396
2397	2397
2398	2398
2399	2399
2400	2400
2401	2401
2402	2402
2403	2403
2404	2404
2405	2405
2406	2406
2407	2407
2408	2408
2409	2409
2410	2410
2411	2411
2412	2412
2413	2413
2414	2414
2415	2415
2416	2416
2417	2417
2418	2418
2419	2419
2420	2420
2421	2421
2422	2422
2423	2423
2424	2424
2425	2425
2426	2426
2427	2427
2428	2428
2429	2429
2430	2430
2431	2431
2432	2432
2433	2433
2434	2434
2435	2435
2436	2436
2437	2437
2438	2438
2439	2439
2440	2440
2441	2441
2442	2442
2443	2443
2444	2444
2445	2445
2446	2446
2447	2447
2448	2448
2449	2449
2450	2450
2451	2451
2452	2452
2453	2453
2454	2454
2455	2455
2456	2456
2457	2457
2458	2458
2459	2459
2460	2460
2461	2461
2462	2462
2463	2463
2464	2464
2465	2465
2466	2466
2467	2467
2468	2468
2469	2469
2470	2470
2471	2471
2472	2472
2473	2473
2474	2474
2475	2475
2476	2476
2477	2477
2478	2478
2479	2479
2480	2480
2481	2481
2482	2482
2483	2483
2484	2484
2485	2485
2486	2486
2487	2487
2488	2488
2489	2489
2490	2490
2491	2491
2492	2492
2493	2493
2494	2494
2495	2495
2496	2496
2497	2497
2498	2498
2499	2499
2500	2500
2501	2501
2502	2502
2503	2503
2504	2504
2505	2505
2506	2506
2507	2507
2508	2508
2509	2509
2510	2510
2511	2511
2512	2512
2513	2513
2514	2514
2515	2515
2516	2516
2517	2517
2518	2518
2519	2519
2520	2520
2521	2521
2522	2522
2523	2523
2524	2524
2525	2525
2526	2526
2527	2527
2528	2528
2529	2529
2530	2530
2531	2531
2532	2532
2533	2533
2534	2534
2535	2535
2536	2536
2537	2537
2538	2538
2539	2539
2540	2540
2541	2541
2542	2542
2543	2543
2544	2544
2545	2545
2546	2546
2547	2547
2548	2548
2549	2549
2550	2550
2551	2551
2552	2552
2553	2553
2554	2554
2555	2555
2556	2556
2557	2557
2558	2558
2559	2559
2560	2560
2561	2561
2562	2562
2563	2563
2564	2564
2565	2565
2566	2566
2567	2567
2568	2568
2569	2569
2570	2570
2571	2571
2572	2572
2573	2573
2574	2574
2575	2575
2576	2576
2577	2577
2578	2578
2579	2579
2580	2580
2581	2581
2582	2582
2583	2583
2584	2584
2585	2585
2586	2586
2587	2587
2588	2588
2589	2589
2590	2590
2591	2591
2592	2592
2593	2593
2594	2594
2595	2595
2596	2596
2597	2597
2598	2598
2599	2599
2600	2600
2601	2601
2602	2602
2603	2603
2604	2604
2605	2605
2606	2606
2607	2607
2608	2608
2609	2609
2610	2610
2611	2611
2612	2612
2613	2613
2614	2614
2615	2615
2616	2616
2617	2617
2618	2618
2619	2619
2620	2620
2621	2621
2622	2622
2623	2623
2624	2624
2625	2625
2626	2626
2627	2627
2628	2628
2629	2629
2630	2630
2631	2631
2632	2632
2633	2633
2634	2634
2635	2635
2636	2636
2637	2637
2638	2638
2639	2639
2640	2640
2641	2641
2642	2642
2643	2643
2644	2644
2645	2645
2646	2646
2647	2647
2648	2648
2649	2649
2650	2650
2651	2651
2652	2652
2653	2653
2654	2654
2655	2655
2656	2656
2657	2657
2658	2658
2659	2659
2660	2660
2661	2661
2662	2662
2663	2663
2664	2664
2665	2665
2666	2666
2667	2667
2668	2668
2669	2669
2670	2670
2671	2671
2672	2672
2673	2673
2674	2674
2675	2675
2676	2676
2677	2677
2678	2678
2679	2679
2680	2680
2681	2681
2682	2682
2683	2683
2684	2684
2685	2685
2686	2686
2687	2687
2688	2688
2689	2689
2690	2690
2691	2691
2692	2692
2693	2693
2694	2694
2695	2695
2696	2696
2697	2697
2698	2698
2699	2699
2700	2700
2701	2701
2702	2702
2703	2703
2704	2704
2705	2705
2706	2706
2707	2707
2708	2708
2709	2709
2710	2710
2711	2711
2712	2712
2713	2713
2714	2714
2715	2715
2716	2716
2717	2717
2718	2718
2719	2719
2720	2720
2721	2721
2722	2722
2723	2723
2724	2724
2725	2725
2726	2726
2727	2727
2728	2728
2729	2729
2730	2730
2731	2731
2732	2732
2733	2733
2734	2734
2735	2735
2736	2736
2737	2737
2738	2738
2739	2739
2740	2740
2741	2741
2742	2742
2743	2743
2744	2744
2745	2745
2746	2746
2747	2747
2748	2748
2749	2749
2750	2750
2751	2751
2752	2752
2753	2753
2754	2754
2755	2755
2756	2756
2757	2757
2758	2758
2759	2759
2760	2760
2761	2761
2762	2762
2763	2763
2764	2764
2765	2765
2766	2766
2767	2767
2768	2768
2769	2769
2770	2770
2771	2771
2772	2772
2773	2773
2774	2774
2775	2775
2776	2776
2777	2777
2778	2778
2779	2779
2780	2780
2781	2781
2782	2782
2783	2783
2784	2784
2785	2785
2786	2786
2787	2787
2788	2788
2789	2789
2790	2790
2791	2791
2792	2792
2793	2793
2794	2794
2795	2795
2796	2796
2797	2797
2798	2798
2799	2799
2800	2800
2801	2801
2802	2802
2803	2803
2804	2804
2805	2805
2806	2806
2807	2807
2808	2808
2809	2809
2810	2810
2811	2811
2812	2812
2813	2813
2814	2814
2815	2815
2816	2816
2817	2817
2818	2818
2819	2819
2820	2820
2821	2821
2822	2822
2823	2823
2824	2824
2825	2825
2826	2826
2827	2827
2828	2828
2829	2829
2830	2830
2831	2831
2832	2832
2833	2833
2834	2834
2835	2835
2836	2836
2837	2837
2838	2838
2839	2839
2840	2840
2841	2841
2842	2842
2843	2843
2844	2844
2845	2845
2846	2846
2847	2847
2848	2848
2849	2849
2850	2850
2851	2851
2852	2852
2853	2853
2854	2854
2855	2855
2856	2856
2857	2857
2858	2858
2859	2859
2860	2860
2861	2861
2862	2862
2863	2863
2864	2864
2865	2865
2866	2866
2867	2867
2868	2868
2869	2869
2870	2870
2871	2871
2872	2872
2873	2873
2874	2874
2875	2875
2876	2876
2877	2877
2878	2878
2879	2879
2880	2880
2881	2881
2882	2882
2883	2883
2884	2884
2885	2885
2886	2886
2887	2887
2888	2888
2889	2889
2890	2890
2891	2891
2892	2892
2893	2893
2894	2894
2895	2895
2896	2896
2897	2897
2898	2898
2899	2899
2900	2900
2901	2901
2902	2902
2903	2903
2904	2904
2905	2905
2906	2906
2907	2907
2908	2908
2909	2909
2910	2910
2911	2911
2912	2912
2913	2913
2914	2914
2915	2915
2916	2916
2917	2917
2918	2918
2919	2919
2920	2920
2921	2921
2922	2922
2923	2923
2924	2924
2925	2925
2926	2926
2927	2927
2928	2928
2929	2929
2930	2930
2931	2931
2932	2932
2933	2933
2934	2934
2935	2935
2936	2936
2937	2937
2938	2938
2939	2939
2940	2940
2941	2941
2942	2942
2943	2943
2944	2944
2945	2945
2946	2946
2947	2947
2948	2948
2949	2949
2950	2950
2951	2951
2952	2952
2953	2953
2954	2954
2955	2955
2956	2956
2957	2957
2958	2958
2959	2959
2960	2960
2961	2961
2962	2962
2963	2963
2964	2964
2965	2965
2966	2966
2967	2967
2968	2968
2969	2969
2970	2970
2971	2971
2972	2972
2973	2973
2974	2974
2975	2975
2976	2976
2977	2977
2978	2978
2979	2979
2980	2980
2981	2981
2982	2982
2983	2983
2984	2984
2985	2985
2986	2986
2987	2987
2988	2988
2989	2989
2990	2990
2991	2991
2992	2992
2993	2993
2994	2994
2995	2995
2996	2996
2997	2997
2998	2998
2999	2999
3000	3000
3001	5111
3002	7319
3003	8491
3004	11221
3005	11953
3006	12653
3007	19704
3008	20509
3009	20566
3010	21572
3011	23368
3012	26038
3013	26134
3014	26626
3015	30478
3016	31645
3017	31715
3018	31795
3019	31864
3020	31906
3021	32113
3022	32962
3023	36294
3024	38373
3025	38611
3026	39021
3027	43013
3028	43734
3029	44001
3030	44137
3031	44225
3032	44295
3033	44373
3034	44642
3035	44991
3036	48537
3037	48701
3038	49184
3039	54763
3040	56612
3041	56694
3042	58692
3043	61369
3044	61371
3045	62025
3046	63858
3047	64062
3048	64657
3049	65099
3050	66174
3051	69923
3052	70776
3053	70804
3054	70926
3055	71937
3056	76351
3057	78377
3058	80183
3059	80226
3060	80450
3061	80511
3062	80861
3063	83003
3064	85004
3065	87417
3066	91043
3067	92718
3068	92795
3069	93437
3070	95225
3071	95816
3072	96386
3073	96530
3074	96531
3075	96756
3076	96814
3077	96843
3078	96889
3079	96917
3080	97723
3081	98263
3082	100009
3083	100895
3084	100976
3085	101152
3086	101696
3087	102014
3088	103013
3089	103235
3090	103458
3091	104162
3092	104564
3093	105262
3094	105569
3095	105656
3096	105886
3097	106236
3098	106405
3099	106713
3100	106918
3101	107059
3102	107228
3103	107283
3104	107406
3105	107614
3106	108073
3107	108254
3108	108619
3109	108820
3110	108885
3111	109392
3112	109727
3113	111339
3114	112041
3115	112422
3116	113017
3117	113135
3118	115566
3119	115897
3120	117301
3121	119370
3122	120345
3123	123792
3124	125268
3125	125507
3126	126081
3127	126523
3128	127590
3129	133196
3130	136441
3131	139170
3132	139207
3133	139314
3134	141002
3135	142407
3136	142589
3137	142972
3138	143629
3139	143815
3140	146317
3141	146473
3142	148064
3143	148311
3144	149160
3145	150660
3146	151297
3147	151429
3148	151458
3149	152401
3150	152653
3151	153800
3152	154798
3153	156454
3154	156498
3155	156672
3156	157089
3157	157445
3158	157557
3159	158848
3160	159209
3161	160371
3162	161311
3163	162086
3164	163540
3165	163633
3166	164144
3167	165586
3168	167681
3169	168349
3170	168586
3171	168684
3172	168805
3173	169222
3174	169458
3175	169757
3176	170391
3177	171573
3178	172247
3179	173030
3180	173216
3181	174071
3182	174197
3183	175011
3184	175129
3185	175245
3186	175428
3187	175949
3188	180183
3189	181422
3190	181978
3191	182009
3192	182014
3193	182584
3194	182921
3195	183509
3196	184565
3197	185472
3198	185480
3199	186425
3200	186633
3201	187112
3202	191133
3203	191370
3204	194832
3205	194847
3206	194916
3207	196147
3208	197953
3209	198353
3210	204085
3211	205636
3212	209795
3213	210513
3214	213797
3215	213895
3216	216327
3217	216625
3218	217553
3219	223663
3220	226790
3221	227535
3222	227836
3223	228549
3224	232520
3225	232776
3226	234752
3227	235842
3228	236406
3229	238052
3230	238223
3231	241176
3232	244687
3233	248489
3234	248813
3235	249384
3236	249660
3237	249855
3238	250399
3239	250574
3240	250758
3241	251008
3242	252040
3243	253999
3244	254042
3245	254070
3246	254523
3247	254591
3248	254653
3249	254854
3250	261226
3251	261558
3252	262028
3253	263268
3254	264330
3255	264946
3256	265036
3257	270762
3258	273264
3259	273438
3260	273635
3261	274226
3262	274238
3263	274537
3264	274704
3265	274737
3266	275141
3267	275563
3268	275829
3269	276014
3270	276043
3271	277444
3272	278282
3273	278399
3274	278495
3275	279016
3276	279223
3277	281946
3278	281995
3279	284284
3280	285260
3281	286518
3282	289139
3283	289499
3284	290455
3285	290668
3286	290898
3287	290923
3288	291099
3289	291112
3290	291214
3291	291222
3292	291510
3293	291678
3294	291713
3295	291715
3296	291724
3297	291958
3298	293191
3299	293350
3300	293463
3301	293937
3302	296765
3303	297087
3304	299111
3305	299584
3306	299740
3307	299847
3308	300208
3309	300452
3310	300749
3311	301073
3312	301346
3313	301720
3314	302207
3315	302229
3316	303374
3317	304793
3318	306535
3319	306580
3320	306710
3321	307838
3322	308346
3323	308389
3324	311793
3325	317400
3326	318831
3327	319156
3328	319469
3329	319509
3330	320837
3331	320925
3332	321226
3333	322539
3334	323671
3335	328046
3336	328279
3337	328726
3338	329068
3339	330651
3340	332651
3341	334968
3342	335105
3343	335329
3344	335581
3345	336627
3346	337063
3347	338411
3348	343218
3349	344077
3350	346545
3351	346937
3352	347181
3353	347318
3354	347472
3355	347657
3356	347926
3357	348069
3358	349401
3359	351243
3360	351771
3361	351774
3362	354118
3363	355078
3364	358278
3365	359146
3366	359193
3367	360684
3368	361248
3369	362374
3370	366377
3371	368624
3372	369213
3373	371266
3374	371723
3375	372981
3376	373370
3377	376417
3378	376686
3379	376737
3380	377763
3381	378936
3382	380045
3383	380680
3384	382233
3385	382704
3386	383285
3387	384048
3388	384149
3389	385255
3390	385330
3391	385527
3392	389404
3393	390056
3394	390968
3395	392041
3396	392418
3397	392666
3398	392836
3399	396041
3400	398548
3401	398834
3402	398945
3403	400882
3404	401768
3405	407410
3406	408345
3407	408360
3408	408548
3409	408726
3410	410683
3411	410859
3412	412671
3413	414977
3414	415100
3415	416430
3416	417669
3417	417742
3418	419367
3419	419731
3420	420439
3421	421005
3422	421471
3423	421549
3424	421666
3425	422087
3426	422187
3427	422749
3428	423456
3429	423761
3430	423844
3431	423926
3432	424003
3433	425623
3434	425978
3435	426257
3436	426661
3437	426913
3438	427765
3439	427858
3440	428199
3441	428445
3442	428526
3443	428997
3444	429738
3445	430317
3446	430366
3447	430590
3448	430632
3449	430683
3450	430708
3451	431115
3452	431568
3453	431596
3454	431635
3455	432758
3456	433301
3457	433354
3458	433405
3459	433650
3460	434319
3461	436727
3462	438210
3463	439519
3464	441762
3465	442155
3466	443583
3467	443646
3468	445439
3469	446393
3470	448988
3471	449053
3472	450051
3473	450085
3474	450270
3475	450360
3476	450436
3477	453527
3478	454857
3479	455550
3480	455563
3481	455675
3482	455762
3483	456107
3484	456298
3485	457361
3486	457432
3487	458242
3488	460503
3489	463836
3490	465806
3491	465946
3492	466009
3493	466090
3494	466313
3495	466585
3496	467054
3497	467078
3498	467358
3499	467397
3500	467838
3501	468704
3502	471206
3503	471244
3504	471583
3505	471663
3506	471738
3507	471874
3508	471962
3509	472021
3510	476075
3511	484725
3512	486894
3513	487105
3514	488829
3515	489572
3516	489724
3517	494582
3518	495539
3519	497338
3520	497681
3521	497790
3522	498250
3523	499317
3524	499526
3525	500006
3526	500425
3527	501362
3528	501635
3529	504214
3530	504235
3531	508240
3532	508614
3533	509601
3534	511692
3535	513293
3536	513581
3537	514318
3538	514890
3539	515023
3540	517982
3541	518809
3542	519712
3543	519922
3544	520342
3545	523393
3546	524351
3547	524609
3548	525330
3549	525594
3550	525735
3551	527721
3552	529787
3553	530228
3554	531852
3555	532577
3556	532966
3557	533010
3558	535749
3559	535956
3560	536734
3561	538758
3562	541937
3563	542184
3564	542509
3565	542538
3566	543128
3567	544305
3568	545175
3569	545748
3570	546664
3571	547196
3572	547864
3573	548204
3574	550403
3575	555057
3576	555952
3577	556316
3578	556356
3579	556726
3580	557712
3581	558034
3582	558903
3583	559075
3584	559120
3585	559465
3586	560507
3587	560524
3588	568906
3589	569063
3590	569724
3591	571386
3592	574739
3593	574741
3594	575069
3595	576023
3596	576036
3597	576238
3598	578583
3599	580313
3600	580403
3601	580848
3602	582462
3603	584093
3604	584372
3605	584928
3606	585950
3607	586746
3608	590209
3609	590820
3610	591007
3611	591169
3612	591298
3613	596778
3614	596895
3615	597601
3616	597686
3617	598558
3618	598908
3619	599260
3620	600480
3621	600924
3622	601115
3623	601724
3624	602123
3625	602494
3626	602786
3627	602822
3628	603043
3629	603224
3630	603804
3631	604111
3632	604171
3633	607625
3634	607927
3635	609067
3636	609155
3637	609512
3638	609755
3639	610720
3640	610781
3641	610820
3642	610923
3643	611008
3644	611742
3645	614677
3646	614914
3647	615884
3648	617073
3649	617414
3650	617457
3651	617647
3652	617660
3653	619750
3654	621289
3655	623293
3656	623552
3657	624937
3658	630617
3659	633110
3660	633361
3661	636786
3662	641449
3663	641631
3664	642587
3665	645148
3666	649191
3667	650052
3668	650085
3669	652920
3670	653061
3671	653693
3672	654961
3673	665135
3674	665323
3675	665703
3676	668245
3677	668246
3678	668378
3679	672450
3680	672470
3681	672810
3682	676314
3683	677755
3684	679970
3685	682078
3686	682144
3687	683332
3688	684200
3689	684209
3690	689637
3691	690025
3692	690677
3693	691065
3694	691455
3695	691827
3696	693057
3697	694698
3698	698931
3699	699090
3700	699570
3701	700551
3702	700607
3703	700801
3704	701164
3705	701239
3706	701554
3707	704218
3708	706255
3709	706430
3710	707027
3711	708072
3712	708272
3713	708591
3714	708592
3715	708698
3716	708882
3717	708995
3718	709047
3719	709991
3720	711405
3721	713336
3722	714483
3723	714604
3724	715352
3725	716724
3726	716741
3727	717018
3728	717914
3729	718822
3730	719452
3731	721077
3732	721130
3733	723206
3734	723553
3735	725839
3736	727576
3737	727950
3738	728048
3739	728055
3740	732731
3741	735080
3742	735404
3743	735997
3744	737452
3745	738249
3746	739919
3747	741403
3748	741426
3749	741473
3750	741553
3751	741713
3752	741755
3753	742242
3754	743118
3755	743129
3756	743155
3757	743916
3758	744315
3759	744632
3760	744658
3761	748337
3762	748726
3763	749584
3764	750450
3765	751073
3766	751226
3767	751227
3768	752679
3769	752865
3770	753196
3771	754672
3772	755432
3773	755666
3774	755732
3775	756560
3776	756603
3777	756646
3778	756650
3779	757861
3780	758004
3781	758933
3782	759749
3783	761039
3784	763051
3785	764321
3786	765488
3787	766633
3788	767268
3789	768510
3790	768721
3791	768727
3792	768733
3793	769928
3794	770377
3795	771447
3796	774737
3797	775288
3798	775952
3799	778682
3800	780998
3801	785041
3802	786080
3803	787007
3804	788340
3805	789550
3806	789819
3807	791462
3808	792875
3809	794360
3810	795056
3811	795058
3812	795307
3813	795362
3814	796378
3815	797120
3816	798541
3817	799381
3818	799623
3819	800185
3820	800324
3821	800378
3822	800565
3823	800932
3824	802283
3825	803178
3826	803230
3827	803238
3828	803669
3829	803880
3830	804353
3831	804508
3832	804920
3833	806541
3834	806766
3835	806781
3836	806823
3837	808219
3838	811924
3839	814284
3840	817176
3841	818957
3842	819567
3843	820256
3844	821496
3845	822190
3846	822460
3847	823400
3848	824726
3849	824776
3850	825433
3851	825632
3852	825883
3853	825977
3854	825981
3855	827053
3856	828279
3857	830905
3858	830941
3859	832059
3860	832285
3861	832828
3862	832947
3863	833125
3864	833162
3865	834504
3866	835169
3867	838432
3868	838740
3869	842355
3870	842935
3871	843065
3872	843168
3873	843172
3874	843215
3875	843582
3876	843615
3877	843815
3878	843984
3879	844067
3880	844140
3881	844363
3882	844690
3883	845173
3884	845228
3885	845835
3886	846591
3887	846727
3888	846918
3889	846947
3890	847192
3891	847352
3892	847732
3893	850051
3894	850285
3895	850482
3896	850671
3897	850763
3898	852190
3899	852553
3900	853122
3901	854028
3902	855775
3903	855789
3904	857219
3905	857281
3906	857444
3907	860123
3908	860188
3909	860270
3910	860801
3911	860870
3912	861076
3913	861651
3914	861703
3915	861763
3916	862439
3917	862734
3918	863630
3919	863895
3920	864022
3921	864999
3922	866586
3923	867312
3924	867509
3925	867730
3926	868112
3927	868206
3928	868369
3929	868371
3930	868545
3931	869215
3932	869714
3933	869773
3934	869890
3935	870746
3936	870818
3937	871026
3938	873043
3939	873978
3940	874650
3941	874962
3942	874985
3943	874990
3944	878929
3945	879232
3946	880185
3947	880827
3948	881071
3949	882087
3950	882161
3951	883519
3952	884143
3953	884637
3954	885530
3955	886299
3956	886326
3957	887390
3958	890154
3959	890165
3960	890299
3961	890391
3962	890873
3963	891197
3964	892185
3965	892499
3966	895816
3967	895827
3968	896288
3969	896394
3970	897005
3971	897749
3972	900201
3973	901788
3974	902379
3975	902479
3976	902762
3977	902821
3978	902850
3979	903227
3980	904198
3981	905152
3982	905168
3983	905201
3984	905305
3985	906782
3986	910870
3987	912290
3988	913788
3989	916015
3990	917325
3991	917347
3992	917498
3993	918578
3994	918761
3995	918763
3996	919198
3997	920044
3998	920834
3999	920902
4000	922866
4001	923007
4002	923062
4003	923503
4004	923676
4005	923769
4006	924584
4007	924833
4008	928137
4009	929131
4010	932052
4011	933192
4012	935416
4013	936853
4014	937750
4015	938506
4016	938587
4017	938996
4018	939135
4019	940362
4020	940601
4021	940639
4022	940684
4023	940701
4024	941764
4025	941829
4026	942358
4027	943073
4028	943401
4029	944953
4030	945700
4031	946108
4032	947243
4033	947244
4034	953142
4035	953173
4036	953296
4037	953435
4038	953462
4039	954117
4040	954193
4041	954464
4042	954654
4043	955992
4044	956060
4045	956082
4046	956156
4047	956168
4048	956173
4049	958209
4050	958231
4051	958388
4052	958718
4053	958747
4054	962532
4055	963071
4056	963393
4057	963950
4058	964654
4059	964747
4060	966818
4061	969786
4062	972731
4063	973263
4064	973467
4065	973468
4066	973514
4067	973933
4068	974950
4069	975417
4070	976021
4071	976530
4072	976821
4073	976980
4074	977871
4075	978867
4076	979504
4077	979628
4078	979821
4079	980096
4080	980250
4081	981630
4082	981835
4083	982295
4084	982952
4085	983347
4086	984876
4087	985254
4088	988760
4089	991839
4090	992430
4091	992486
4092	993278
4093	994422
4094	994858
4095	994909
4096	995312
4097	996083
4098	996540
4099	996574
4100	998091
4101	998580
4102	998920
4103	999287
4104	1000853
4105	1001063
4106	1001070
4107	1001407
4108	1002060
4109	1002596
4110	1002734
4111	1002951
4112	1004032
4113	1004129
4114	1004652
4115	1005181
4116	1005477
4117	1005633
4118	1006039
4119	1006486
4120	1007209
4121	1008107
4122	1009544
4123	1010230
4124	1010402
4125	1011767
4126	1011972
4127	1012170
4128	1013399
4129	1013547
4130	1013946
4131	1013964
4132	1014176
4133	1017267
4134	1017815
4135	1018588
4136	1019148
4137	1019602
4138	1019631
4139	1019915
4140	1019964
4141	1019995
4142	1021104
4143	1021107
4144	1021131
4145	1021342
4146	1021378
4147	1021828
4148	1022161
4149	1022649
4150	1022783
4151	1022814
4152	1023276
4153	1025666
4154	1026259
4155	1026495
4156	1026658
4157	1026695
4158	1027020
4159	1027101
4160	1027609
4161	1027643
4162	1027662
4163	1027737
4164	1027828
4165	1027929
4166	1028329
4167	1028348
4168	1028372
4169	1028484
4170	1030255
4171	1030578
4172	1030834
4173	1030938
4174	1031163
4175	1032062
4176	1032168
4177	1032475
4178	1033041
4179	1033061
4180	1033105
4181	1033451
4182	1033731
4183	1033776
4184	1034733
4185	1034745
4186	1035361
4187	1035371
4188	1035460
4189	1035920
4190	1036229
4191	1036257
4192	1036818
4193	1036974
4194	1038045
4195	1038059
4196	1038849
4197	1040026
4198	1041335
4199	1042652
4200	1042965
4201	1043001
4202	1044133
4203	1045450
4204	1045535
4205	1045598
4206	1045765
4207	1045807
4208	1047089
4209	1047114
4210	1047855
4211	1048020
4212	1048405
4213	1048895
4214	1048977
4215	1051546
4216	1051771
4217	1051783
4218	1051854
4219	1052693
4220	1052926
4221	1054216
4222	1055203
4223	1057777
4224	1061470
4225	1061642
4226	1061664
4227	1062927
4228	1063248
4229	1064504
4230	1064603
4231	1065710
4232	1067381
4233	1067825
4234	1068012
4235	1068577
4236	1068857
4237	1069239
4238	1070620
4239	1071476
4240	1073409
4241	1075956
4242	1076949
4243	1079883
4244	1080790
4245	1081047
4246	1081752
4247	1082434
4248	1082830
4249	1083626
4250	1083663
4251	1083670
4252	1084500
4253	1085142
4254	1085180
4255	1086061
4256	1086238
4257	1088992
4258	1090396
4259	1091052
4260	1093895
4261	1096036
4262	1096105
4263	1096647
4264	1098996
4265	1099048
4266	1099445
4267	1103299
4268	1103657
4269	1105389
4270	1110690
4271	1114891
4272	1116749
4273	1118593
4274	1118843
4275	1118972
4276	1119041
4277	1121729
4278	1124628
4279	1125394
4280	1125395
4281	1128697
4282	1128710
4283	1130996
4284	1131829
4285	1131939
4286	1132558
4287	1132952
4288	1134416
4289	1136303
4290	1136337
4291	1139385
4292	1139508
4293	1141572
4294	1142521
4295	1145822
4296	1146757
4297	1147520
4298	1147806
4299	1148054
4300	1149405
4301	1153663
4302	1154792
4303	1156183
4304	1156819
4305	1156884
4306	1157578
4307	1158207
4308	1158245
4309	1160247
4310	1160366
4311	1160404
4312	1164014
4313	1164114
4314	1167632
4315	1171691
4316	1171970
4317	1173250
4318	1173772
4319	1173816
4320	1174808
4321	1177706
4322	1177746
4323	1177748
4324	1177758
4325	1178300
4326	1178970
4327	1179147
4328	1179315
4329	1181314
4330	1187574
4331	1187790
4332	1187799
4333	1187812
4334	1187821
4335	1188095
4336	1188255
4337	1188429
4338	1188575
4339	1192046
4340	1194787
4341	1195333
4342	1195944
4343	1198568
4344	1198996
4345	1202631
4346	1203583
4347	1204384
4348	1204822
4349	1206042
4350	1206527
4351	1213670
4352	1215207
4353	1216220
4354	1217877
4355	1218295
4356	1218926
4357	1219721
4358	1220438
4359	1223086
4360	1223094
4361	1223844
4362	1227761
4363	1227954
4364	1229564
4365	1230094
4366	1231206
4367	1235957
4368	1236431
4369	1240971
4370	1241022
4371	1241473
4372	1241661
4373	1244907
4374	1245488
4375	1245593
4376	1246619
4377	1246731
4378	1247155
4379	1247167
4380	1248431
4381	1252842
4382	1253571
4383	1254354
4384	1254667
4385	1267597
4386	1267622
4387	1268030
4388	1268535
4389	1275165
4390	1275182
4391	1275433
4392	1276227
4393	1278939
4394	1280086
4395	1281998
4396	1284254
4397	1287027
4398	1287948
4399	1289613
4400	1289934
4401	1290144
4402	1290209
4403	1290707
4404	1291337
4405	1291683
4406	1294782
4407	1295934
4408	1297238
4409	1297846
4410	1298814
4411	1300659
4412	1303515
4413	1304211
4414	1308063
4415	1308203
4416	1309307
4417	1311728
4418	1312279
4419	1312301
4420	1312715
4421	1313033
4422	1313150
4423	1313434
4424	1313460
4425	1313628
4426	1314712
4427	1315100
4428	1315574
4429	1317265
4430	1318421
4431	1318438
4432	1322873
4433	1323051
4434	1324106
4435	1324787
4436	1325906
4437	1326162
4438	1334885
4439	1336171
4440	1336172
4441	1337553
4442	1337658
4443	1337659
4444	1337839
4445	1338185
4446	1338732
4447	1343447
4448	1343570
4449	1349065
4450	1349868
4451	1352440
4452	1352925
4453	1354343
4454	1355124
4455	1355634
4456	1356015
4457	1358876
4458	1360181
4459	1360224
4460	1360303
4461	1361343
4462	1363266
4463	1364208
4464	1364305
4465	1364664
4466	1364682
4467	1364685
4468	1364714
4469	1366610
4470	1370935
4471	1372002
4472	1372512
4473	1372934
4474	1374636
4475	1376994
4476	1377416
4477	1377964
4478	1378417
4479	1380859
4480	1381760
4481	1382058
4482	1384719
4483	1385072
4484	1386318
4485	1387137
4486	1387298
4487	1389071
4488	1389166
4489	1393914
4490	1394086
4491	1394592
4492	1395631
4493	1401404
4494	1404558
4495	1405005
4496	1407637
4497	1407966
4498	1408632
4499	1408745
4500	1409820
4501	1409950
4502	1413815
4503	1416353
4504	1419113
4505	1420484
4506	1421991
4507	1423289
4508	1426764
4509	1432051
4510	1434212
4511	1436518
4512	1439089
4513	1439687
4514	1440945
4515	1442579
4516	1442602
4517	1444265
4518	1444688
4519	1444939
4520	1447522
4521	1448169
4522	1448440
4523	1450692
4524	1451704
4525	1451728
4526	1451754
4527	1452887
4528	1453169
4529	1457705
4530	1458135
4531	1458959
4532	1461566
4533	1465588
4534	1466587
4535	1469375
4536	1469905
4537	1470837
4538	1470921
4539	1472714
4540	1473028
4541	1474014
4542	1478686
4543	1478735
4544	1479029
4545	1482964
4546	1483132
4547	1483214
4548	1485972
4549	1486705
4550	1488789
4551	1488951
4552	1489400
4553	1495052
4554	1498019
4555	1502658
4556	1503463
4557	1505323
4558	1509840
4559	1520559
4560	1521135
4561	1522471
4562	1525111
4563	1527423
4564	1532119
4565	1533485
4566	1534177
4567	1534799
4568	1535128
4569	1535325
4570	1542912
4571	1546460
4572	1546477
4573	1546532
4574	1546933
4575	1547061
4576	1548405
4577	1551099
4578	1557544
4579	1566461
4580	1566548
4581	1566623
4582	1566767
4583	1566813
4584	1566846
4585	1566897
4586	1566968
4587	1567125
4588	1567213
4589	1567328
4590	1567450
4591	1567618
4592	1567876
4593	1568390
4594	1568454
4595	1573476
4596	1575880
4597	1576087
4598	1578659
4599	1579306
4600	1581432
4601	1581460
4602	1585152
4603	1585197
4604	1585267
4605	1585635
4606	1590268
4607	1597482
4608	1598520
4609	1599291
4610	1599825
4611	1600042
4612	1600261
4613	1600652
4614	1607349
4615	1608508
4616	1608912
4617	1609636
4618	1609677
4619	1610961
4620	1610975
4621	1612553
4622	1615183
4623	1615232
4624	1615556
4625	1617234
4626	1617237
4627	1617460
4628	1617559
4629	1618023
4630	1618058
4631	1618174
4632	1618194
4633	1622064
4634	1622582
4635	1622856
4636	1623169
4637	1623318
4638	1623964
4639	1624541
4640	1624947
4641	1625039
4642	1625749
4643	1627394
4644	1627422
4645	1627948
4646	1631527
4647	1633228
4648	1633796
4649	1633974
4650	1634291
4651	1634390
4652	1635255
4653	1635463
4654	1635825
4655	1636068
4656	1636283
4657	1636528
4658	1636595
4659	1636634
4660	1640331
4661	1641430
4662	1642683
4663	1648547
4664	1650364
4665	1650935
4666	1655308
4667	1656684
4668	1656824
4669	1659106
4670	1660374
4671	1660520
4672	1660606
4673	1660674
4674	1668828
4675	1668976
4676	1669233
4677	1669430
4678	1669590
4679	1669792
4680	1669874
4681	1669880
4682	1669943
4683	1669982
4684	1669985
4685	1670562
4686	1670635
4687	1670662
4688	1670731
4689	1671293
4690	1671603
4691	1673869
4692	1673891
4693	1675506
4694	1675628
4695	1675778
4696	1677017
4697	1678715
4698	1678990
4699	1679110
4700	1679235
4701	1679352
4702	1679447
4703	1682222
4704	1683829
4705	1689915
4706	1693831
4707	1694350
4708	1694875
4709	1695657
4710	1700658
4711	1700687
4712	1700778
4713	1700803
4714	1704692
4715	1706127
4716	1712393
4717	1715371
4718	1716440
4719	1719879
4720	1720942
4721	1721390
4722	1721405
4723	1730120
4724	1730940
4725	1730982
4726	1731508
4727	1731656
4728	1733216
4729	1738604
4730	1741525
4731	1743596
4732	1745214
4733	1745670
4734	1746303
4735	1747156
4736	1748006
4737	1748357
4738	1750046
4739	1750771
4740	1755910
4741	1756417
4742	1756587
4743	1757479
4744	1760506
4745	1763462
4746	1764951
4747	1765000
4748	1765051
4749	1765054
4750	1766391
4751	1767193
4752	1767557
4753	1768316
4754	1768422
4755	1770952
4756	1771083
4757	1771201
4758	1771389
4759	1771794
4760	1772978
4761	1773042
4762	1774577
4763	1776113
4764	1777491
4765	1777655
4766	1777767
4767	1779969
4768	1780427
4769	1780838
4770	1782203
4771	1782244
4772	1783112
4773	1785598
4774	1785805
4775	1785806
4776	1786077
4777	1786147
4778	1786191
4779	1786329
4780	1786432
4781	1786749
4782	1788795
4783	1791596
4784	1794645
4785	1794673
4786	1794771
4787	1795100
4788	1795109
4789	1795241
4790	1795249
4791	1795285
4792	1795450
4793	1796195
4794	1797305
4795	1799751
4796	1802617
4797	1803290
4798	1805657
4799	1807188
4800	1807345
4801	1807452
4802	1807731
4803	1807880
4804	1808135
4805	1809177
4806	1810378
4807	1811270
4808	1813668
4809	1814794
4810	1818031
4811	1818134
4812	1821914
4813	1824603
4814	1824936
4815	1827346
4816	1827576
4817	1830251
4818	1832011
4819	1832189
4820	1832604
4821	1835795
4822	1847691
4823	1849260
4824	1851229
4825	1851456
4826	1852507
4827	1853899
4828	1854161
4829	1855494
4830	1855530
4831	1855658
4832	1855931
4833	1856101
4834	1856459
4835	1856546
4836	1856756
4837	1862188
4838	1864993
4839	1865409
4840	1865466
4841	1865781
4842	1866535
4843	1867929
4844	1873317
4845	1877323
4846	1879518
4847	1880765
4848	1881488
4849	1881989
4850	1882356
4851	1882488
4852	1885206
4853	1885500
4854	1885723
4855	1886304
4856	1886350
4857	1888680
4858	1888696
4859	1889074
4860	1889956
4861	1890081
4862	1891261
4863	1893408
4864	1895884
4865	1896607
4866	1897008
4867	1897855
4868	1897955
4869	1898125
4870	1898989
4871	1899963
4872	1900337
4873	1900912
4874	1901401
4875	1901612
4876	1901909
4877	1901990
4878	1904758
4879	1904813
4880	1905090
4881	1905843
4882	1906567
4883	1907116
4884	1907258
4885	1907570
4886	1909134
4887	1909246
4888	1909608
4889	1911553
4890	1911677
4891	1911701
4892	1912981
4893	1913338
4894	1914761
4895	1915088
4896	1915300
4897	1916167
4898	1916170
4899	1916750
4900	1916831
4901	1916951
4902	1917014
4903	1917259
4904	1917291
4905	1917704
4906	1917930
4907	1918164
4908	1918343
4909	1918903
4910	1920729
4911	1920971
4912	1921640
4913	1922714
4914	1923259
4915	1923302
4916	1924563
4917	1924672
4918	1926414
4919	1926519
4920	1926954
4921	1927591
4922	1929605
4923	1929917
4924	1930102
4925	1932083
4926	1934634
4927	1935174
4928	1935513
4929	1935558
4930	1936693
4931	1936703
4932	1937999
4933	1938635
4934	1938913
4935	1939497
4936	1939565
4937	1940690
4938	1941710
4939	1941897
4940	1942951
4941	1943528
4942	1944526
4943	1944851
4944	1945598
4945	1945876
4946	1946489
4947	1946855
4948	1948039
4949	1949430
4950	1949733
4951	1949773
4952	1950454
4953	1953510
4954	1954035
4955	1956509
4956	1958387
4957	1958688
4958	1960805
4959	1961716
4960	1963908
4961	1964603
4962	1966459
4963	1966862
4964	1967082
4965	1967175
4966	1967423
4967	1967773
4968	1968396
4969	1970325
4970	1971094
4971	1971099
4972	1971519
4973	1973830
4974	1975361
4975	1977052
4976	1977628
4977	1978229
4978	1982514
4979	1983013
4980	1986086
4981	1988254
4982	1988789
4983	1988867
4984	1989035
4985	1989128
4986	1989358
4987	1989406
4988	1989609
4989	1989807
4990	1990239
4991	1991085
4992	1991359
4993	1992010
4994	1992092
4995	1992150
4996	1992776
4997	1992859
4998	1993311
4999	1993578
5000	1993956
5001	1994466
5002	1994685
5003	1995116
5004	1995427
5005	1995550
5006	1995735
5007	1997386
5008	1998016
5009	1998020
5010	1998508
5011	1998693
5012	2000114
5013	2000282
5014	2000370
5015	2000414
5016	2002531
5017	2002809
5018	2003322
5019	2003336
5020	2004171
5021	2004769
5022	2006299
5023	2006614
5024	2008037
5025	2008099
5026	2008399
5027	2008560
5028	2008762
5029	2010009
5030	2010067
5031	2011921
5032	2011972
5033	2012055
5034	2012189
5035	2014483
5036	2015519
5037	2018355
5038	2020838
5039	2020963
5040	2022205
5041	2022214
5042	2023693
5043	2024038
5044	2025843
5045	2026005
5046	2026022
5047	2026243
5048	2026749
5049	2027677
5050	2028406
5051	2028845
5052	2028903
5053	2029196
5054	2030667
5055	2032662
5056	2034321
5057	2036038
5058	2036966
5059	2036989
5060	2037110
5061	2037352
5062	2038151
5063	2038556
5064	2040137
5065	2043535
5066	2043715
5067	2043921
5068	2043972
5069	2050941
5070	2051963
5071	2054933
5072	2057641
5073	2060931
5074	2065329
5075	2066907
5076	2069256
5077	2073767
5078	2074131
5079	2074399
5080	2074517
5081	2075078
5082	2076122
5083	2077545
5084	2078114
5085	2079116
5086	2080009
5087	2080387
5088	2081434
5089	2081556
5090	2081589
5091	2081672
5092	2082878
5093	2082945
5094	2083137
5095	2084101
5096	2084869
5097	2085784
5098	2085803
5099	2086135
5100	2087992
5101	2089805
5102	2091920
5103	2093170
5104	2093541
5105	2093839
5106	2094257
5107	2094548
5108	2094815
5109	2094985
5110	2095842
5111	2098052
5112	2098442
5113	2099355
5114	2099881
5115	2100068
5116	2100208
5117	2105023
5118	2109391
5119	2110174
5120	2113037
5121	2114837
5122	2116046
5123	2117093
5124	2117155
5125	2117200
5126	2118252
5127	2119213
5128	2120225
5129	2120575
5130	2123460
5131	2123474
5132	2125793
5133	2126794
5134	2127517
5135	2128821
5136	2129672
5137	2131256
5138	2133591
5139	2133624
5140	2133886
5141	2134091
5142	2136144
5143	2136515
5144	2136604
5145	2137551
5146	2138479
5147	2143017
5148	2144538
5149	2149607
5150	2150445
5151	2151743
5152	2152595
5153	2153033
5154	2157976
5155	2158083
5156	2165701
5157	2166687
5158	2166992
5159	2167386
5160	2167397
5161	2167847
5162	2168201
5163	2169520
5164	2170418
5165	2171441
5166	2172055
5167	2172440
5168	2172466
5169	2172686
5170	2179111
5171	2179308
5172	2180299
5173	2180678
5174	2181555
5175	2181880
5176	2184911
5177	2185584
5178	2185772
5179	2194983
5180	2196697
5181	2201266
5182	2201472
5183	2201916
5184	2202296
5185	2202480
5186	2202875
5187	2203058
5188	2204142
5189	2204548
5190	2205363
5191	2211331
5192	2212418
5193	2213292
5194	2216231
5195	2218582
5196	2218633
5197	2223107
5198	2225710
5199	2226241
5200	2226315
5201	2228913
5202	2229717
5203	2229909
5204	2238374
5205	2238727
5206	2242946
5207	2244818
5208	2245572
5209	2249595
5210	2250326
5211	2250547
5212	2250617
5213	2250721
5214	2250760
5215	2250955
5216	2251112
5217	2251195
5218	2253468
5219	2255538
5220	2255594
5221	2258161
5222	2259426
5223	2259471
5224	2259494
5225	2260341
5226	2262897
5227	2262962
5228	2264434
5229	2265066
5230	2271931
5231	2272592
5232	2272688
5233	2272739
5234	2272794
5235	2272826
5236	2274296
5237	2275712
5238	2276178
5239	2282132
5240	2282202
5241	2282416
5242	2282442
5243	2282497
5244	2282586
5245	2282607
5246	2282618
5247	2282623
5248	2282625
5249	2284483
5250	2284501
5251	2284529
5252	2287404
5253	2288517
5254	2288566
5255	2289904
5256	2292790
5257	2295450
5258	2296195
5259	2296309
5260	2296387
5261	2297698
5262	2298612
5263	2303766
5264	2304283
5265	2306524
5266	2306573
5267	2306760
5268	2308315
5269	2308372
5270	2308547
5271	2310919
5272	2316652
5273	2318109
5274	2322625
5275	2323115
5276	2324091
5277	2324518
5278	2327902
5279	2333631
5280	2334493
5281	2336342
5282	2337248
5283	2338030
5284	2339458
5285	2339683
5286	2339742
5287	2341735
5288	2343354
5289	2345383
5290	2345421
5291	2351737
5292	2352248
5293	2355366
5294	2356729
5295	2356782
5296	2357346
5297	2357382
5298	2359134
5299	2360028
5300	2361146
5301	2361662
5302	2361701
5303	2361706
5304	2361790
5305	2361883
5306	2362784
5307	2363402
5308	2363998
5309	2364316
5310	2364547
5311	2364645
5312	2365264
5313	2366377
5314	2367037
5315	2367121
5316	2367480
5317	2367503
5318	2367571
5319	2367590
5320	2367668
5321	2367669
5322	2367916
5323	2368125
5324	2368310
5325	2368653
5326	2371496
5327	2372394
5328	2372673
5329	2373033
5330	2373346
5331	2373535
5332	2375006
5333	2375776
5334	2376250
5335	2377638
5336	2378515
5337	2378593
5338	2380952
5339	2384042
5340	2384228
5341	2384605
5342	2385089
5343	2385988
5344	2386609
5345	2387091
5346	2387953
5347	2389128
5348	2390510
5349	2391378
5350	2392112
5351	2392190
5352	2392551
5353	2392616
5354	2394595
5355	2397974
5356	2400056
5357	2400085
5358	2400130
5359	2400652
5360	2400734
5361	2400802
5362	2400822
5363	2400905
5364	2401470
5365	2401609
5366	2401709
5367	2401720
5368	2401777
5369	2401916
5370	2402002
5371	2402389
5372	2402964
5373	2403424
5374	2405461
5375	2406452
5376	2408394
5377	2413220
5378	2416168
5379	2417080
5380	2423401
5381	2424651
5382	2426896
5383	2430728
5384	2431726
5385	2431932
5386	2432506
5387	2432593
5388	2433225
5389	2433707
5390	2433747
5391	2433976
5392	2434049
5393	2434274
5394	2434546
5395	2434640
5396	2434982
5397	2436051
5398	2436067
5399	2437439
5400	2437762
5401	2438856
5402	2439494
5403	2443151
5404	2445628
5405	2446447
5406	2446954
5407	2452133
5408	2456967
5409	2458274
5410	2458715
5411	2459172
5412	2459220
5413	2459234
5414	2459289
5415	2460122
5416	2460140
5417	2460155
5418	2461185
5419	2461423
5420	2461562
5421	2462346
5422	2462763
5423	2462789
5424	2462794
5425	2462801
5426	2463052
5427	2463347
5428	2464016
5429	2464591
5430	2465203
5431	2466130
5432	2467775
5433	2468030
5434	2469070
5435	2471329
5436	2474549
5437	2477554
5438	2477649
5439	2478385
5440	2479701
5441	2483153
5442	2483169
5443	2483833
5444	2483873
5445	2483991
5446	2484006
5447	2484695
5448	2486080
5449	2486478
5450	2487038
5451	2487632
5452	2488553
5453	2488895
5454	2489690
5455	2490818
5456	2491656
5457	2491696
5458	2491742
5459	2491763
5460	2491781
5461	2493328
5462	2493358
5463	2493471
5464	2493493
5465	2493588
5466	2493701
5467	2493954
5468	2493968
5469	2494064
5470	2494109
5471	2494138
5472	2494184
5473	2494291
5474	2494632
5475	2495454
5476	2496358
5477	2496536
5478	2496567
5479	2496876
5480	2498336
5481	2499429
5482	2499675
5483	2500424
5484	2500795
5485	2500852
5486	2500944
5487	2501069
5488	2501404
5489	2501422
5490	2502126
5491	2503087
5492	2503303
5493	2503519
5494	2503741
5495	2504996
5496	2505128
5497	2505569
5498	2505698
5499	2507479
5500	2508999
5501	2509428
5502	2509444
5503	2509850
5504	2510636
5505	2511460
5506	2512387
5507	2516091
5508	2517382
5509	2517633
5510	2518206
5511	2521553
5512	2524144
5513	2524460
5514	2526712
5515	2529209
5516	2530649
5517	2530670
5518	2530671
5519	2533041
5520	2535245
5521	2540932
5522	2541010
5523	2543127
5524	2543134
5525	2549885
5526	2551511
5527	2551620
5528	2554843
5529	2554897
5530	2556227
5531	2561282
5532	2561287
5533	2561306
5534	2562292
5535	2563561
5536	2564659
5537	2564681
5538	2564942
5539	2565334
5540	2565395
5541	2565678
5542	2565696
5543	2565904
5544	2566584
5545	2567895
5546	2570516
5547	2571378
5548	2571422
5549	2574885
5550	2575755
5551	2581456
5552	2584208
5553	2584256
5554	2587252
5555	2589131
5556	2590555
5557	2590574
5558	2592663
5559	2592704
5560	2593502
5561	2595163
5562	2596390
5563	2597714
5564	2597968
5565	2598121
5566	2600907
5567	2602552
5568	2603428
5569	2604203
5570	2612117
5571	2612308
5572	2613229
5573	2614171
5574	2616520
5575	2616664
5576	2617336
5577	2619366
5578	2619521
5579	2619540
5580	2619572
5581	2619641
5582	2623469
5583	2623773
5584	2624896
5585	2624906
5586	2627894
5587	2627933
5588	2629416
5589	2633465
5590	2634646
5591	2634818
5592	2635749
5593	2635921
5594	2638711
5595	2639246
5596	2639429
5597	2641235
5598	2641549
5599	2643547
5600	2646971
5601	2649536
5602	2651183
5603	2651219
5604	2652549
5605	2654911
5606	2655469
5607	2655511
5608	2655795
5609	2656883
5610	2657294
5611	2657451
5612	2658495
5613	2660326
5614	2660422
5615	2662668
5616	2662773
5617	2663159
5618	2663941
5619	2665729
5620	2666069
5621	2666140
5622	2666273
5623	2666312
5624	2666527
5625	2666619
5626	2667137
5627	2670015
5628	2671181
5629	2672088
5630	2672846
5631	2673718
5632	2679121
5633	2681799
5634	2682749
5635	2682814
5636	2686413
5637	2688447
5638	2688497
5639	2692135
5640	2692290
5641	2693091
5642	2695462
5643	2699684
5644	2704393
5645	2705937
5646	2707692
5647	2710167
5648	2713439
5649	2713951
5650	2717276
5651	2718164
5652	2718666
5653	2719221
5654	2719404
5655	2722676
5656	2723369
5657	2727818
5658	2727892
5659	2727987
5660	2728165
5661	2732132
5662	2732295
5663	2734051
5664	2734441
5665	2734547
5666	2734653
5667	2734662
5668	2735729
5669	2737103
5670	2743357
5671	2745118
5672	2745397
5673	2746297
5674	2747283
5675	2747339
5676	2752159
5677	2754278
5678	2761856
5679	2763668
5680	2766535
5681	2766596
5682	2767318
5683	2767448
5684	2767465
5685	2767685
5686	2772604
5687	2773180
5688	2775909
5689	2776423
5690	2777298
5691	2777684
5692	2777960
5693	2778445
5694	2778542
5695	2778619
5696	2781645
5697	2783517
5698	2784170
5699	2784527
5700	2784533
5701	2784865
5702	2786658
5703	2787581
5704	2788110
5705	2788739
5706	2789429
5707	2789432
5708	2793351
5709	2794386
5710	2794745
5711	2794784
5712	2795669
5713	2795842
5714	2797113
5715	2801440
5716	2802828
5717	2803006
5718	2803093
5719	2803444
5720	2803760
5721	2804242
5722	2804326
5723	2804409
5724	2804533
5725	2804753
5726	2804757
5727	2804809
5728	2804819
5729	2804835
5730	2804947
5731	2804955
5732	2805003
5733	2805496
5734	2807908
5735	2811719
5736	2814708
5737	2816348
5738	2816399
5739	2816602
5740	2816994
5741	2817120
5742	2817659
5743	2817668
5744	2818033
5745	2818127
5746	2819639
5747	2819866
5748	2832814
5749	2844125
5750	2845025
5751	2846311
5752	2846371
5753	2848349
5754	2849225
5755	2859048
5756	2860142
5757	2862760
5758	2863228
5759	2864128
5760	2870455
5761	2873448
5762	2875050
5763	2875502
5764	2877236
5765	2879004
5766	2879166
5767	2881132
5768	2881249
5769	2881286
5770	2883016
5771	2883107
