1	1
2	2
3	3
4	4
5	5
6	6
7	7
8	8
9	9
10	10
11	11
12	12
13	13
14	14
15	15
16	16
17	17
18	18
19	19
20	20
21	21
22	22
23	23
24	24
25	25
26	26
27	27
28	28
29	29
30	30
31	31
32	32
33	33
34	34
35	35
36	36
37	37
38	38
39	39
40	40
41	41
42	42
43	43
44	44
45	45
46	46
47	47
48	48
49	49
50	50
51	51
52	52
53	53
54	54
55	55
56	56
57	57
58	58
59	59
60	60
61	61
62	62
63	63
64	64
65	65
66	66
67	67
68	68
69	69
70	70
71	71
72	72
73	73
74	74
75	75
76	76
77	77
78	78
79	79
80	80
81	81
82	82
83	83
84	84
85	85
86	86
87	87
88	88
89	89
90	90
91	91
92	92
93	93
94	94
95	95
96	96
97	97
98	98
99	99
100	100
101	101
102	102
103	103
104	104
105	105
106	106
107	107
108	108
109	109
110	110
111	111
112	112
113	113
114	114
115	115
116	116
117	117
118	118
119	119
120	120
121	121
122	122
123	123
124	124
125	125
126	126
127	127
128	128
129	129
130	130
131	131
132	132
133	133
134	134
135	135
136	136
137	137
138	138
139	139
140	140
141	141
142	142
143	143
144	144
145	145
146	146
147	147
148	148
149	149
150	150
151	151
152	152
153	153
154	154
155	155
156	156
157	157
158	158
159	159
160	160
161	161
162	162
163	163
164	164
165	165
166	166
167	167
168	168
169	169
170	170
171	171
172	172
173	173
174	174
175	175
176	176
177	177
178	178
179	179
180	180
181	181
182	182
183	183
184	184
185	185
186	186
187	187
188	188
189	189
190	190
191	191
192	192
193	193
194	194
195	195
196	196
197	197
198	198
199	199
200	200
201	201
202	202
203	203
204	204
205	205
206	206
207	207
208	208
209	209
210	210
211	211
212	212
213	213
214	214
215	215
216	216
217	217
218	218
219	219
220	220
221	221
222	222
223	223
224	224
225	225
226	226
227	227
228	228
229	229
230	230
231	231
232	232
233	233
234	234
235	235
236	236
237	237
238	238
239	239
240	240
241	241
242	242
243	243
244	244
245	245
246	246
247	247
248	248
249	249
250	250
251	251
252	252
253	253
254	254
255	255
256	256
257	257
258	258
259	259
260	260
261	261
262	262
263	263
264	264
265	265
266	266
267	267
268	268
269	269
270	270
271	271
272	272
273	273
274	274
275	275
276	276
277	277
278	278
279	279
280	280
281	281
282	282
283	283
284	284
285	285
286	286
287	287
288	288
289	289
290	290
291	291
292	292
293	293
294	294
295	295
296	296
297	297
298	298
299	299
300	300
301	301
302	302
303	303
304	304
305	305
306	306
307	307
308	308
309	309
310	310
311	311
312	312
313	313
314	314
315	315
316	316
317	317
318	318
319	319
320	320
321	321
322	322
323	323
324	324
325	325
326	326
327	327
328	328
329	329
330	330
331	331
332	332
333	333
334	334
335	335
336	336
337	337
338	338
339	339
340	340
341	341
342	342
343	343
344	344
345	345
346	346
347	347
348	348
349	349
350	350
351	351
352	352
353	353
354	354
355	355
356	356
357	357
358	358
359	359
360	360
361	361
362	362
363	363
364	364
365	365
366	366
367	367
368	368
369	369
370	370
371	371
372	372
373	373
374	374
375	375
376	376
377	377
378	378
379	379
380	380
381	381
382	382
383	383
384	384
385	385
386	386
387	387
388	388
389	389
390	390
391	391
392	392
393	393
394	394
395	395
396	396
397	397
398	398
399	399
400	400
401	401
402	402
403	403
404	404
405	405
406	406
407	407
408	408
409	409
410	410
411	411
412	412
413	413
414	414
415	415
416	416
417	417
418	418
419	419
420	420
421	421
422	422
423	423
424	424
425	425
426	426
427	427
428	428
429	429
430	430
431	431
432	432
433	433
434	434
435	435
436	436
437	437
438	438
439	439
440	440
441	441
442	442
443	443
444	444
445	445
446	446
447	447
448	448
449	449
450	450
451	451
452	452
453	453
454	454
455	455
456	456
457	457
458	458
459	459
460	460
461	461
462	462
463	463
464	464
465	465
466	466
467	467
468	468
469	469
470	470
471	471
472	472
473	473
474	474
475	475
476	476
477	477
478	478
479	479
480	480
481	481
482	482
483	483
484	484
485	485
486	486
487	487
488	488
489	489
490	490
491	491
492	492
493	493
494	494
495	495
496	496
497	497
498	498
499	499
500	500
501	501
502	502
503	503
504	504
505	505
506	506
507	507
508	508
509	509
510	510
511	511
512	512
513	513
514	514
515	515
516	516
517	517
518	518
519	519
520	520
521	521
522	522
523	523
524	524
525	525
526	526
527	527
528	528
529	529
530	530
531	531
532	532
533	533
534	534
535	535
536	536
537	537
538	538
539	539
540	540
541	541
542	542
543	543
544	544
545	545
546	546
547	547
548	548
549	549
550	550
551	551
552	552
553	553
554	554
555	555
556	556
557	557
558	558
559	559
560	560
561	561
562	562
563	563
564	564
565	565
566	566
567	567
568	568
569	569
570	570
571	571
572	572
573	573
574	574
575	575
576	576
577	577
578	578
579	579
580	580
581	581
582	582
583	583
584	584
585	585
586	586
587	587
588	588
589	589
590	590
591	591
592	592
593	593
594	594
595	595
596	596
597	597
598	598
599	599
600	600
601	601
602	602
603	603
604	604
605	605
606	606
607	607
608	608
609	609
610	610
611	611
612	612
613	613
614	614
615	615
616	616
617	617
618	618
619	619
620	620
621	621
622	622
623	623
624	624
625	625
626	626
627	627
628	628
629	629
630	630
631	631
632	632
633	633
634	634
635	635
636	636
637	637
638	638
639	639
640	640
641	641
642	642
643	643
644	644
645	645
646	646
647	647
648	648
649	649
650	650
651	651
652	652
653	653
654	654
655	655
656	656
657	657
658	658
659	659
660	660
661	661
662	662
663	663
664	664
665	665
666	666
667	667
668	668
669	669
670	670
671	671
672	672
673	673
674	674
675	675
676	676
677	677
678	678
679	679
680	680
681	681
682	682
683	683
684	684
685	685
686	686
687	687
688	688
689	689
690	690
691	691
692	692
693	693
694	694
695	695
696	696
697	697
698	698
699	699
700	700
701	701
702	702
703	703
704	704
705	705
706	706
707	707
708	708
709	709
710	710
711	711
712	712
713	713
714	714
715	715
716	716
717	717
718	718
719	719
720	720
721	721
722	722
723	723
724	724
725	725
726	726
727	727
728	728
729	729
730	730
731	731
732	732
733	733
734	734
735	735
736	736
737	737
738	738
739	739
740	740
741	741
742	742
743	743
744	744
745	745
746	746
747	747
748	748
749	749
750	750
751	751
752	752
753	753
754	754
755	755
756	756
757	757
758	758
759	759
760	760
761	761
762	762
763	763
764	764
765	765
766	766
767	767
768	768
769	769
770	770
771	771
772	772
773	773
774	774
775	775
776	776
777	777
778	778
779	779
780	780
781	781
782	782
783	783
784	784
785	785
786	786
787	787
788	788
789	789
790	790
791	791
792	792
793	793
794	794
795	795
796	796
797	797
798	798
799	799
800	800
801	801
802	802
803	803
804	804
805	805
806	806
807	807
808	808
809	809
810	810
811	811
812	812
813	813
814	814
815	815
816	816
817	817
818	818
819	819
820	820
821	821
822	822
823	823
824	824
825	825
826	826
827	827
828	828
829	829
830	830
831	831
832	832
833	833
834	834
835	835
836	836
837	837
838	838
839	839
840	840
841	841
842	842
843	843
844	844
845	845
846	846
847	847
848	848
849	849
850	850
851	851
852	852
853	853
854	854
855	855
856	856
857	857
858	858
859	859
860	860
861	861
862	862
863	863
864	864
865	865
866	866
867	867
868	868
869	869
870	870
871	871
872	872
873	873
874	874
875	875
876	876
877	877
878	878
879	879
880	880
881	881
882	882
883	883
884	884
885	885
886	886
887	887
888	888
889	889
890	890
891	891
892	892
893	893
894	894
895	895
896	896
897	897
898	898
899	899
900	900
901	901
902	902
903	903
904	904
905	905
906	906
907	907
908	908
909	909
910	910
911	911
912	912
913	913
914	914
915	915
916	916
917	917
918	918
919	919
920	920
921	921
922	922
923	923
924	924
925	925
926	926
927	927
928	928
929	929
930	930
931	931
932	932
933	933
934	934
935	935
936	936
937	937
938	938
939	939
940	940
941	941
942	942
943	943
944	944
945	945
946	946
947	947
948	948
949	949
950	950
951	951
952	952
953	953
954	954
955	955
956	956
957	957
958	958
959	959
960	960
961	961
962	962
963	963
964	964
965	965
966	966
967	967
968	968
969	969
970	970
971	971
972	972
973	973
974	974
975	975
976	976
977	977
978	978
979	979
980	980
981	981
982	982
983	983
984	984
985	985
986	986
987	987
988	988
989	989
990	990
991	991
992	992
993	993
994	994
995	995
996	996
997	997
998	998
999	999
1000	1000
1001	1001
1002	1002
1003	1003
1004	1004
1005	1005
1006	1006
1007	1007
1008	1008
1009	1009
1010	1010
1011	1011
1012	1012
1013	1013
1014	1014
1015	1015
1016	1016
1017	1017
1018	1018
1019	1019
1020	1020
1021	1021
1022	1022
1023	1023
1024	1024
1025	1025
1026	1026
1027	1027
1028	1028
1029	1029
1030	1030
1031	1031
1032	1032
1033	1033
1034	1034
1035	1035
1036	1036
1037	1037
1038	1038
1039	1039
1040	1040
1041	1041
1042	1042
1043	1043
1044	1044
1045	1045
1046	1046
1047	1047
1048	1048
1049	1049
1050	1050
1051	1051
1052	1052
1053	1053
1054	1054
1055	1055
1056	1056
1057	1057
1058	1058
1059	1059
1060	1060
1061	1061
1062	1062
1063	1063
1064	1064
1065	1065
1066	1066
1067	1067
1068	1068
1069	1069
1070	1070
1071	1071
1072	1072
1073	1073
1074	1074
1075	1075
1076	1076
1077	1077
1078	1078
1079	1079
1080	1080
1081	1081
1082	1082
1083	1083
1084	1084
1085	1085
1086	1086
1087	1087
1088	1088
1089	1089
1090	1090
1091	1091
1092	1092
1093	1093
1094	1094
1095	1095
1096	1096
1097	1097
1098	1098
1099	1099
1100	1100
1101	1101
1102	1102
1103	1103
1104	1104
1105	1105
1106	1106
1107	1107
1108	1108
1109	1109
1110	1110
1111	1111
1112	1112
1113	1113
1114	1114
1115	1115
1116	1116
1117	1117
1118	1118
1119	1119
1120	1120
1121	1121
1122	1122
1123	1123
1124	1124
1125	1125
1126	1126
1127	1127
1128	1128
1129	1129
1130	1130
1131	1131
1132	1132
1133	1133
1134	1134
1135	1135
1136	1136
1137	1137
1138	1138
1139	1139
1140	1140
1141	1141
1142	1142
1143	1143
1144	1144
1145	1145
1146	1146
1147	1147
1148	1148
1149	1149
1150	1150
1151	1151
1152	1152
1153	1153
1154	1154
1155	1155
1156	1156
1157	1157
1158	1158
1159	1159
1160	1160
1161	1161
1162	1162
1163	1163
1164	1164
1165	1165
1166	1166
1167	1167
1168	1168
1169	1169
1170	1170
1171	1171
1172	1172
1173	1173
1174	1174
1175	1175
1176	1176
1177	1177
1178	1178
1179	1179
1180	1180
1181	1181
1182	1182
1183	1183
1184	1184
1185	1185
1186	1186
1187	1187
1188	1188
1189	1189
1190	1190
1191	1191
1192	1192
1193	1193
1194	1194
1195	1195
1196	1196
1197	1197
1198	1198
1199	1199
1200	1200
1201	1201
1202	1202
1203	1203
1204	1204
1205	1205
1206	1206
1207	1207
1208	1208
1209	1209
1210	1210
1211	1211
1212	1212
1213	1213
1214	1214
1215	1215
1216	1216
1217	1217
1218	1218
1219	1219
1220	1220
1221	1221
1222	1222
1223	1223
1224	1224
1225	1225
1226	1226
1227	1227
1228	1228
1229	1229
1230	1230
1231	1231
1232	1232
1233	1233
1234	1234
1235	1235
1236	1236
1237	1237
1238	1238
1239	1239
1240	1240
1241	1241
1242	1242
1243	1243
1244	1244
1245	1245
1246	1246
1247	1247
1248	1248
1249	1249
1250	1250
1251	1251
1252	1252
1253	1253
1254	1254
1255	1255
1256	1256
1257	1257
1258	1258
1259	1259
1260	1260
1261	1261
1262	1262
1263	1263
1264	1264
1265	1265
1266	1266
1267	1267
1268	1268
1269	1269
1270	1270
1271	1271
1272	1272
1273	1273
1274	1274
1275	1275
1276	1276
1277	1277
1278	1278
1279	1279
1280	1280
1281	1281
1282	1282
1283	1283
1284	1284
1285	1285
1286	1286
1287	1287
1288	1288
1289	1289
1290	1290
1291	1291
1292	1292
1293	1293
1294	1294
1295	1295
1296	1296
1297	1297
1298	1298
1299	1299
1300	1300
1301	1301
1302	1302
1303	1303
1304	1304
1305	1305
1306	1306
1307	1307
1308	1308
1309	1309
1310	1310
1311	1311
1312	1312
1313	1313
1314	1314
1315	1315
1316	1316
1317	1317
1318	1318
1319	1319
1320	1320
1321	1321
1322	1322
1323	1323
1324	1324
1325	1325
1326	1326
1327	1327
1328	1328
1329	1329
1330	1330
1331	1331
1332	1332
1333	1333
1334	1334
1335	1335
1336	1336
1337	1337
1338	1338
1339	1339
1340	1340
1341	1341
1342	1342
1343	1343
1344	1344
1345	1345
1346	1346
1347	1347
1348	1348
1349	1349
1350	1350
1351	1351
1352	1352
1353	1353
1354	1354
1355	1355
1356	1356
1357	1357
1358	1358
1359	1359
1360	1360
1361	1361
1362	1362
1363	1363
1364	1364
1365	1365
1366	1366
1367	1367
1368	1368
1369	1369
1370	1370
1371	1371
1372	1372
1373	1373
1374	1374
1375	1375
1376	1376
1377	1377
1378	1378
1379	1379
1380	1380
1381	1381
1382	1382
1383	1383
1384	1384
1385	1385
1386	1386
1387	1387
1388	1388
1389	1389
1390	1390
1391	1391
1392	1392
1393	1393
1394	1394
1395	1395
1396	1396
1397	1397
1398	1398
1399	1399
1400	1400
1401	1401
1402	1402
1403	1403
1404	1404
1405	1405
1406	1406
1407	1407
1408	1408
1409	1409
1410	1410
1411	1411
1412	1412
1413	1413
1414	1414
1415	1415
1416	1416
1417	1417
1418	1418
1419	1419
1420	1420
1421	1421
1422	1422
1423	1423
1424	1424
1425	1425
1426	1426
1427	1427
1428	1428
1429	1429
1430	1430
1431	1431
1432	1432
1433	1433
1434	1434
1435	1435
1436	1436
1437	1437
1438	1438
1439	1439
1440	1440
1441	1441
1442	1442
1443	1443
1444	1444
1445	1445
1446	1446
1447	1447
1448	1448
1449	1449
1450	1450
1451	1451
1452	1452
1453	1453
1454	1454
1455	1455
1456	1456
1457	1457
1458	1458
1459	1459
1460	1460
1461	1461
1462	1462
1463	1463
1464	1464
1465	1465
1466	1466
1467	1467
1468	1468
1469	1469
1470	1470
1471	1471
1472	1472
1473	1473
1474	1474
1475	1475
1476	1476
1477	1477
1478	1478
1479	1479
1480	1480
1481	1481
1482	1482
1483	1483
1484	1484
1485	1485
1486	1486
1487	1487
1488	1488
1489	1489
1490	1490
1491	1491
1492	1492
1493	1493
1494	1494
1495	1495
1496	1496
1497	1497
1498	1498
1499	1499
1500	1500
1501	1501
1502	1502
1503	1503
1504	1504
1505	1505
1506	1506
1507	1507
1508	1508
1509	1509
1510	1510
1511	1511
1512	1512
1513	1513
1514	1514
1515	1515
1516	1516
1517	1517
1518	1518
1519	1519
1520	1520
1521	1521
1522	1522
1523	1523
1524	1524
1525	1525
1526	1526
1527	1527
1528	1528
1529	1529
1530	1530
1531	1531
1532	1532
1533	1533
1534	1534
1535	1535
1536	1536
1537	1537
1538	1538
1539	1539
1540	1540
1541	1541
1542	1542
1543	1543
1544	1544
1545	1545
1546	1546
1547	1547
1548	1548
1549	1549
1550	1550
1551	1551
1552	1552
1553	1553
1554	1554
1555	1555
1556	1556
1557	1557
1558	1558
1559	1559
1560	1560
1561	1561
1562	1562
1563	1563
1564	1564
1565	1565
1566	1566
1567	1567
1568	1568
1569	1569
1570	1570
1571	1571
1572	1572
1573	1573
1574	1574
1575	1575
1576	1576
1577	1577
1578	1578
1579	1579
1580	1580
1581	1581
1582	1582
1583	1583
1584	1584
1585	1585
1586	1586
1587	1587
1588	1588
1589	1589
1590	1590
1591	1591
1592	1592
1593	1593
1594	1594
1595	1595
1596	1596
1597	1597
1598	1598
1599	1599
1600	1600
1601	1601
1602	1602
1603	1603
1604	1604
1605	1605
1606	1606
1607	1607
1608	1608
1609	1609
1610	1610
1611	1611
1612	1612
1613	1613
1614	1614
1615	1615
1616	1616
1617	1617
1618	1618
1619	1619
1620	1620
1621	1621
1622	1622
1623	1623
1624	1624
1625	1625
1626	1626
1627	1627
1628	1628
1629	1629
1630	1630
1631	1631
1632	1632
1633	1633
1634	1634
1635	1635
1636	1636
1637	1637
1638	1638
1639	1639
1640	1640
1641	1641
1642	1642
1643	1643
1644	1644
1645	1645
1646	1646
1647	1647
1648	1648
1649	1649
1650	1650
1651	1651
1652	1652
1653	1653
1654	1654
1655	1655
1656	1656
1657	1657
1658	1658
1659	1659
1660	1660
1661	1661
1662	1662
1663	1663
1664	1664
1665	1665
1666	1666
1667	1667
1668	1668
1669	1669
1670	1670
1671	1671
1672	1672
1673	1673
1674	1674
1675	1675
1676	1676
1677	1677
1678	1678
1679	1679
1680	1680
1681	1681
1682	1682
1683	1683
1684	1684
1685	1685
1686	1686
1687	1687
1688	1688
1689	1689
1690	1690
1691	1691
1692	1692
1693	1693
1694	1694
1695	1695
1696	1696
1697	1697
1698	1698
1699	1699
1700	1700
1701	1701
1702	1702
1703	1703
1704	1704
1705	1705
1706	1706
1707	1707
1708	1708
1709	1709
1710	1710
1711	1711
1712	1712
1713	1713
1714	1714
1715	1715
1716	1716
1717	1717
1718	1718
1719	1719
1720	1720
1721	1721
1722	1722
1723	1723
1724	1724
1725	1725
1726	1726
1727	1727
1728	1728
1729	1729
1730	1730
1731	1731
1732	1732
1733	1733
1734	1734
1735	1735
1736	1736
1737	1737
1738	1738
1739	1739
1740	1740
1741	1741
1742	1742
1743	1743
1744	1744
1745	1745
1746	1746
1747	1747
1748	1748
1749	1749
1750	1750
1751	1751
1752	1752
1753	1753
1754	1754
1755	1755
1756	1756
1757	1757
1758	1758
1759	1759
1760	1760
1761	1761
1762	1762
1763	1763
1764	1764
1765	1765
1766	1766
1767	1767
1768	1768
1769	1769
1770	1770
1771	1771
1772	1772
1773	1773
1774	1774
1775	1775
1776	1776
1777	1777
1778	1778
1779	1779
1780	1780
1781	1781
1782	1782
1783	1783
1784	1784
1785	1785
1786	1786
1787	1787
1788	1788
1789	1789
1790	1790
1791	1791
1792	1792
1793	1793
1794	1794
1795	1795
1796	1796
1797	1797
1798	1798
1799	1799
1800	1800
1801	1801
1802	1802
1803	1803
1804	1804
1805	1805
1806	1806
1807	1807
1808	1808
1809	1809
1810	1810
1811	1811
1812	1812
1813	1813
1814	1814
1815	1815
1816	1816
1817	1817
1818	1818
1819	1819
1820	1820
1821	1821
1822	1822
1823	1823
1824	1824
1825	1825
1826	1826
1827	1827
1828	1828
1829	1829
1830	1830
1831	1831
1832	1832
1833	1833
1834	1834
1835	1835
1836	1836
1837	1837
1838	1838
1839	1839
1840	1840
1841	1841
1842	1842
1843	1843
1844	1844
1845	1845
1846	1846
1847	1847
1848	1848
1849	1849
1850	1850
1851	1851
1852	1852
1853	1853
1854	1854
1855	1855
1856	1856
1857	1857
1858	1858
1859	1859
1860	1860
1861	1861
1862	1862
1863	1863
1864	1864
1865	1865
1866	1866
1867	1867
1868	1868
1869	1869
1870	1870
1871	1871
1872	1872
1873	1873
1874	1874
1875	1875
1876	1876
1877	1877
1878	1878
1879	1879
1880	1880
1881	1881
1882	1882
1883	1883
1884	1884
1885	1885
1886	1886
1887	1887
1888	1888
1889	1889
1890	1890
1891	1891
1892	1892
1893	1893
1894	1894
1895	1895
1896	1896
1897	1897
1898	1898
1899	1899
1900	1900
1901	1901
1902	1902
1903	1903
1904	1904
1905	1905
1906	1906
1907	1907
1908	1908
1909	1909
1910	1910
1911	1911
1912	1912
1913	1913
1914	1914
1915	1915
1916	1916
1917	1917
1918	1918
1919	1919
1920	1920
1921	1921
1922	1922
1923	1923
1924	1924
1925	1925
1926	1926
1927	1927
1928	1928
1929	1929
1930	1930
1931	1931
1932	1932
1933	1933
1934	1934
1935	1935
1936	1936
1937	1937
1938	1938
1939	1939
1940	1940
1941	1941
1942	1942
1943	1943
1944	1944
1945	1945
1946	1946
1947	1947
1948	1948
1949	1949
1950	1950
1951	1951
1952	1952
1953	1953
1954	1954
1955	1955
1956	1956
1957	1957
1958	1958
1959	1959
1960	1960
1961	1961
1962	1962
1963	1963
1964	1964
1965	1965
1966	1966
1967	1967
1968	1968
1969	1969
1970	1970
1971	1971
1972	1972
1973	1973
1974	1974
1975	1975
1976	1976
1977	1977
1978	1978
1979	1979
1980	1980
1981	1981
1982	1982
1983	1983
1984	1984
1985	1985
1986	1986
1987	1987
1988	1988
1989	1989
1990	1990
1991	1991
1992	1992
1993	1993
1994	1994
1995	1995
1996	1996
1997	1997
1998	1998
1999	1999
2000	2000
2001	2001
2002	2002
2003	2003
2004	2004
2005	2005
2006	2006
2007	2007
2008	2008
2009	2009
2010	2010
2011	2011
2012	2012
2013	2013
2014	2014
2015	2015
2016	2016
2017	2017
2018	2018
2019	2019
2020	2020
2021	2021
2022	2022
2023	2023
2024	2024
2025	2025
2026	2026
2027	2027
2028	2028
2029	2029
2030	2030
2031	2031
2032	2032
2033	2033
2034	2034
2035	2035
2036	2036
2037	2037
2038	2038
2039	2039
2040	2040
2041	2041
2042	2042
2043	2043
2044	2044
2045	2045
2046	2046
2047	2047
2048	2048
2049	2049
2050	2050
2051	2051
2052	2052
2053	2053
2054	2054
2055	2055
2056	2056
2057	2057
2058	2058
2059	2059
2060	2060
2061	2061
2062	2062
2063	2063
2064	2064
2065	2065
2066	2066
2067	2067
2068	2068
2069	2069
2070	2070
2071	2071
2072	2072
2073	2073
2074	2074
2075	2075
2076	2076
2077	2077
2078	2078
2079	2079
2080	2080
2081	2081
2082	2082
2083	2083
2084	2084
2085	2085
2086	2086
2087	2087
2088	2088
2089	2089
2090	2090
2091	2091
2092	2092
2093	2093
2094	2094
2095	2095
2096	2096
2097	2097
2098	2098
2099	2099
2100	2100
2101	2101
2102	2102
2103	2103
2104	2104
2105	2105
2106	2106
2107	2107
2108	2108
2109	2109
2110	2110
2111	2111
2112	2112
2113	2113
2114	2114
2115	2115
2116	2116
2117	2117
2118	2118
2119	2119
2120	2120
2121	2121
2122	2122
2123	2123
2124	2124
2125	2125
2126	2126
2127	2127
2128	2128
2129	2129
2130	2130
2131	2131
2132	2132
2133	2133
2134	2134
2135	2135
2136	2136
2137	2137
2138	2138
2139	2139
2140	2140
2141	2141
2142	2142
2143	2143
2144	2144
2145	2145
2146	2146
2147	2147
2148	2148
2149	2149
2150	2150
2151	2151
2152	2152
2153	2153
2154	2154
2155	2155
2156	2156
2157	2157
2158	2158
2159	2159
2160	2160
2161	2161
2162	2162
2163	2163
2164	2164
2165	2165
2166	2166
2167	2167
2168	2168
2169	2169
2170	2170
2171	2171
2172	2172
2173	2173
2174	2174
2175	2175
2176	2176
2177	2177
2178	2178
2179	2179
2180	2180
2181	2181
2182	2182
2183	2183
2184	2184
2185	2185
2186	2186
2187	2187
2188	2188
2189	2189
2190	2190
2191	2191
2192	2192
2193	2193
2194	2194
2195	2195
2196	2196
2197	2197
2198	2198
2199	2199
2200	2200
2201	2201
2202	2202
2203	2203
2204	2204
2205	2205
2206	2206
2207	2207
2208	2208
2209	2209
2210	2210
2211	2211
2212	2212
2213	2213
2214	2214
2215	2215
2216	2216
2217	2217
2218	2218
2219	2219
2220	2220
2221	2221
2222	2222
2223	2223
2224	2224
2225	2225
2226	2226
2227	2227
2228	2228
2229	2229
2230	2230
2231	2231
2232	2232
2233	2233
2234	2234
2235	2235
2236	2236
2237	2237
2238	2238
2239	2239
2240	2240
2241	2241
2242	2242
2243	2243
2244	2244
2245	2245
2246	2246
2247	2247
2248	2248
2249	2249
2250	2250
2251	2251
2252	2252
2253	2253
2254	2254
2255	2255
2256	2256
2257	2257
2258	2258
2259	2259
2260	2260
2261	2261
2262	2262
2263	2263
2264	2264
2265	2265
2266	2266
2267	2267
2268	2268
2269	2269
2270	2270
2271	2271
2272	2272
2273	2273
2274	2274
2275	2275
2276	2276
2277	2277
2278	2278
2279	2279
2280	2280
2281	2281
2282	2282
2283	2283
2284	2284
2285	2285
2286	2286
2287	2287
2288	2288
2289	2289
2290	2290
2291	2291
2292	2292
2293	2293
2294	2294
2295	2295
2296	2296
2297	2297
2298	2298
2299	2299
2300	2300
2301	2301
2302	2302
2303	2303
2304	2304
2305	2305
2306	2306
2307	2307
2308	2308
2309	2309
2310	2310
2311	2311
2312	2312
2313	2313
2314	2314
2315	2315
2316	2316
2317	2317
2318	2318
2319	2319
2320	2320
2321	2321
2322	2322
2323	2323
2324	2324
2325	2325
2326	2326
2327	2327
2328	2328
2329	2329
2330	2330
2331	2331
2332	2332
2333	2333
2334	2334
2335	2335
2336	2336
2337	2337
2338	2338
2339	2339
2340	2340
2341	2341
2342	2342
2343	2343
2344	2344
2345	2345
2346	2346
2347	2347
2348	2348
2349	2349
2350	2350
2351	2351
2352	2352
2353	2353
2354	2354
2355	2355
2356	2356
2357	2357
2358	2358
2359	2359
2360	2360
2361	2361
2362	2362
2363	2363
2364	2364
2365	2365
2366	2366
2367	2367
2368	2368
2369	2369
2370	2370
2371	2371
2372	2372
2373	2373
2374	2374
2375	2375
2376	2376
2377	2377
2378	2378
2379	2379
2380	2380
2381	2381
2382	2382
2383	2383
2384	2384
2385	2385
2386	2386
2387	2387
2388	2388
2389	2389
2390	2390
2391	2391
2392	2392
2393	2393
2394	2394
2395	2395
2396	2396
2397	2397
2398	2398
2399	2399
2400	2400
2401	2401
2402	2402
2403	2403
2404	2404
2405	2405
2406	2406
2407	2407
2408	2408
2409	2409
2410	2410
2411	2411
2412	2412
2413	2413
2414	2414
2415	2415
2416	2416
2417	2417
2418	2418
2419	2419
2420	2420
2421	2421
2422	2422
2423	2423
2424	2424
2425	2425
2426	2426
2427	2427
2428	2428
2429	2429
2430	2430
2431	2431
2432	2432
2433	2433
2434	2434
2435	2435
2436	2436
2437	2437
2438	2438
2439	2439
2440	2440
2441	2441
2442	2442
2443	2443
2444	2444
2445	2445
2446	2446
2447	2447
2448	2448
2449	2449
2450	2450
2451	2451
2452	2452
2453	2453
2454	2454
2455	2455
2456	2456
2457	2457
2458	2458
2459	2459
2460	2460
2461	2461
2462	2462
2463	2463
2464	2464
2465	2465
2466	2466
2467	2467
2468	2468
2469	2469
2470	2470
2471	2471
2472	2472
2473	2473
2474	2474
2475	2475
2476	2476
2477	2477
2478	2478
2479	2479
2480	2480
2481	2481
2482	2482
2483	2483
2484	2484
2485	2485
2486	2486
2487	2487
2488	2488
2489	2489
2490	2490
2491	2491
2492	2492
2493	2493
2494	2494
2495	2495
2496	2496
2497	2497
2498	2498
2499	2499
2500	2500
2501	2501
2502	2502
2503	2503
2504	2504
2505	2505
2506	2506
2507	2507
2508	2508
2509	2509
2510	2510
2511	2511
2512	2512
2513	2513
2514	2514
2515	2515
2516	2516
2517	2517
2518	2518
2519	2519
2520	2520
2521	2521
2522	2522
2523	2523
2524	2524
2525	2525
2526	2526
2527	2527
2528	2528
2529	2529
2530	2530
2531	2531
2532	2532
2533	2533
2534	2534
2535	2535
2536	2536
2537	2537
2538	2538
2539	2539
2540	2540
2541	2541
2542	2542
2543	2543
2544	2544
2545	2545
2546	2546
2547	2547
2548	2548
2549	2549
2550	2550
2551	2551
2552	2552
2553	2553
2554	2554
2555	2555
2556	2556
2557	2557
2558	2558
2559	2559
2560	2560
2561	2561
2562	2562
2563	2563
2564	2564
2565	2565
2566	2566
2567	2567
2568	2568
2569	2569
2570	2570
2571	2571
2572	2572
2573	2573
2574	2574
2575	2575
2576	2576
2577	2577
2578	2578
2579	2579
2580	2580
2581	2581
2582	2582
2583	2583
2584	2584
2585	2585
2586	2586
2587	2587
2588	2588
2589	2589
2590	2590
2591	2591
2592	2592
2593	2593
2594	2594
2595	2595
2596	2596
2597	2597
2598	2598
2599	2599
2600	2600
2601	2601
2602	2602
2603	2603
2604	2604
2605	2605
2606	2606
2607	2607
2608	2608
2609	2609
2610	2610
2611	2611
2612	2612
2613	2613
2614	2614
2615	2615
2616	2616
2617	2617
2618	2618
2619	2619
2620	2620
2621	2621
2622	2622
2623	2623
2624	2624
2625	2625
2626	2626
2627	2627
2628	2628
2629	2629
2630	2630
2631	2631
2632	2632
2633	2633
2634	2634
2635	2635
2636	2636
2637	2637
2638	2638
2639	2639
2640	2640
2641	2641
2642	2642
2643	2643
2644	2644
2645	2645
2646	2646
2647	2647
2648	2648
2649	2649
2650	2650
2651	2651
2652	2652
2653	2653
2654	2654
2655	2655
2656	2656
2657	2657
2658	2658
2659	2659
2660	2660
2661	2661
2662	2662
2663	2663
2664	2664
2665	2665
2666	2666
2667	2667
2668	2668
2669	2669
2670	2670
2671	2671
2672	2672
2673	2673
2674	2674
2675	2675
2676	2676
2677	2677
2678	2678
2679	2679
2680	2680
2681	2681
2682	2682
2683	2683
2684	2684
2685	2685
2686	2686
2687	2687
2688	2688
2689	2689
2690	2690
2691	2691
2692	2692
2693	2693
2694	2694
2695	2695
2696	2696
2697	2697
2698	2698
2699	2699
2700	2700
2701	2701
2702	2702
2703	2703
2704	2704
2705	2705
2706	2706
2707	2707
2708	2708
2709	2709
2710	2710
2711	2711
2712	2712
2713	2713
2714	2714
2715	2715
2716	2716
2717	2717
2718	2718
2719	2719
2720	2720
2721	2721
2722	2722
2723	2723
2724	2724
2725	2725
2726	2726
2727	2727
2728	2728
2729	2729
2730	2730
2731	2731
2732	2732
2733	2733
2734	2734
2735	2735
2736	2736
2737	2737
2738	2738
2739	2739
2740	2740
2741	2741
2742	2742
2743	2743
2744	2744
2745	2745
2746	2746
2747	2747
2748	2748
2749	2749
2750	2750
2751	2751
2752	2752
2753	2753
2754	2754
2755	2755
2756	2756
2757	2757
2758	2758
2759	2759
2760	2760
2761	2761
2762	2762
2763	2763
2764	2764
2765	2765
2766	2766
2767	2767
2768	2768
2769	2769
2770	2770
2771	2771
2772	2772
2773	2773
2774	2774
2775	2775
2776	2776
2777	2777
2778	2778
2779	2779
2780	2780
2781	2781
2782	2782
2783	2783
2784	2784
2785	2785
2786	2786
2787	2787
2788	2788
2789	2789
2790	2790
2791	2791
2792	2792
2793	2793
2794	2794
2795	2795
2796	2796
2797	2797
2798	2798
2799	2799
2800	2800
2801	2801
2802	2802
2803	2803
2804	2804
2805	2805
2806	2806
2807	2807
2808	2808
2809	2809
2810	2810
2811	2811
2812	2812
2813	2813
2814	2814
2815	2815
2816	2816
2817	2817
2818	2818
2819	2819
2820	2820
2821	2821
2822	2822
2823	2823
2824	2824
2825	2825
2826	2826
2827	2827
2828	2828
2829	2829
2830	2830
2831	2831
2832	2832
2833	2833
2834	2834
2835	2835
2836	2836
2837	2837
2838	2838
2839	2839
2840	2840
2841	2841
2842	2842
2843	2843
2844	2844
2845	2845
2846	2846
2847	2847
2848	2848
2849	2849
2850	2850
2851	2851
2852	2852
2853	2853
2854	2854
2855	2855
2856	2856
2857	2857
2858	2858
2859	2859
2860	2860
2861	2861
2862	2862
2863	2863
2864	2864
2865	2865
2866	2866
2867	2867
2868	2868
2869	2869
2870	2870
2871	2871
2872	2872
2873	2873
2874	2874
2875	2875
2876	2876
2877	2877
2878	2878
2879	2879
2880	2880
2881	2881
2882	2882
2883	2883
2884	2884
2885	2885
2886	2886
2887	2887
2888	2888
2889	2889
2890	2890
2891	2891
2892	2892
2893	2893
2894	2894
2895	2895
2896	2896
2897	2897
2898	2898
2899	2899
2900	2900
2901	2901
2902	2902
2903	2903
2904	2904
2905	2905
2906	2906
2907	2907
2908	2908
2909	2909
2910	2910
2911	2911
2912	2912
2913	2913
2914	2914
2915	2915
2916	2916
2917	2917
2918	2918
2919	2919
2920	2920
2921	2921
2922	2922
2923	2923
2924	2924
2925	2925
2926	2926
2927	2927
2928	2928
2929	2929
2930	2930
2931	2931
2932	2932
2933	2933
2934	2934
2935	2935
2936	2936
2937	2937
2938	2938
2939	2939
2940	2940
2941	2941
2942	2942
2943	2943
2944	2944
2945	2945
2946	2946
2947	2947
2948	2948
2949	2949
2950	2950
2951	2951
2952	2952
2953	2953
2954	2954
2955	2955
2956	2956
2957	2957
2958	2958
2959	2959
2960	2960
2961	2961
2962	2962
2963	2963
2964	2964
2965	2965
2966	2966
2967	2967
2968	2968
2969	2969
2970	2970
2971	2971
2972	2972
2973	2973
2974	2974
2975	2975
2976	2976
2977	2977
2978	2978
2979	2979
2980	2980
2981	2981
2982	2982
2983	2983
2984	2984
2985	2985
2986	2986
2987	2987
2988	2988
2989	2989
2990	2990
2991	2991
2992	2992
2993	2993
2994	2994
2995	2995
2996	2996
2997	2997
2998	2998
2999	2999
3000	3000
5111	3001
7319	3002
8491	3003
11221	3004
11953	3005
12653	3006
19704	3007
20509	3008
20566	3009
21572	3010
23368	3011
26038	3012
26134	3013
26626	3014
30478	3015
31645	3016
31715	3017
31795	3018
31864	3019
31906	3020
32113	3021
32962	3022
36294	3023
38373	3024
38611	3025
39021	3026
43013	3027
43734	3028
44001	3029
44137	3030
44225	3031
44295	3032
44373	3033
44642	3034
44991	3035
48537	3036
48701	3037
49184	3038
54763	3039
56612	3040
56694	3041
58692	3042
61369	3043
61371	3044
62025	3045
63858	3046
64062	3047
64657	3048
65099	3049
66174	3050
69923	3051
70776	3052
70804	3053
70926	3054
71937	3055
76351	3056
78377	3057
80183	3058
80226	3059
80450	3060
80511	3061
80861	3062
83003	3063
85004	3064
87417	3065
91043	3066
92718	3067
92795	3068
93437	3069
95225	3070
95816	3071
96386	3072
96530	3073
96531	3074
96756	3075
96814	3076
96843	3077
96889	3078
96917	3079
97723	3080
98263	3081
100009	3082
100895	3083
100976	3084
101152	3085
101696	3086
102014	3087
103013	3088
103235	3089
103458	3090
104162	3091
104564	3092
105262	3093
105569	3094
105656	3095
105886	3096
106236	3097
106405	3098
106713	3099
106918	3100
107059	3101
107228	3102
107283	3103
107406	3104
107614	3105
108073	3106
108254	3107
108619	3108
108820	3109
108885	3110
109392	3111
109727	3112
111339	3113
112041	3114
112422	3115
113017	3116
113135	3117
115566	3118
115897	3119
117301	3120
119370	3121
120345	3122
123792	3123
125268	3124
125507	3125
126081	3126
126523	3127
127590	3128
133196	3129
136441	3130
139170	3131
139207	3132
139314	3133
141002	3134
142407	3135
142589	3136
142972	3137
143629	3138
143815	3139
146317	3140
146473	3141
148064	3142
148311	3143
149160	3144
150660	3145
151297	3146
151429	3147
151458	3148
152401	3149
152653	3150
153800	3151
154798	3152
156454	3153
156498	3154
156672	3155
157089	3156
157445	3157
157557	3158
158848	3159
159209	3160
160371	3161
161311	3162
162086	3163
163540	3164
163633	3165
164144	3166
165586	3167
167681	3168
168349	3169
168586	3170
168684	3171
168805	3172
169222	3173
169458	3174
169757	3175
170391	3176
171573	3177
172247	3178
173030	3179
173216	3180
174071	3181
174197	3182
175011	3183
175129	3184
175245	3185
175428	3186
175949	3187
180183	3188
181422	3189
181978	3190
182009	3191
182014	3192
182584	3193
182921	3194
183509	3195
184565	3196
185472	3197
185480	3198
186425	3199
186633	3200
187112	3201
191133	3202
191370	3203
194832	3204
194847	3205
194916	3206
196147	3207
197953	3208
198353	3209
204085	3210
205636	3211
209795	3212
210513	3213
213797	3214
213895	3215
216327	3216
216625	3217
217553	3218
223663	3219
226790	3220
227535	3221
227836	3222
228549	3223
232520	3224
232776	3225
234752	3226
235842	3227
236406	3228
238052	3229
238223	3230
241176	3231
244687	3232
248489	3233
248813	3234
249384	3235
249660	3236
249855	3237
250399	3238
250574	3239
250758	3240
251008	3241
252040	3242
253999	3243
254042	3244
254070	3245
254523	3246
254591	3247
254653	3248
254854	3249
261226	3250
261558	3251
262028	3252
263268	3253
264330	3254
264946	3255
265036	3256
270762	3257
273264	3258
273438	3259
273635	3260
274226	3261
274238	3262
274537	3263
274704	3264
274737	3265
275141	3266
275563	3267
275829	3268
276014	3269
276043	3270
277444	3271
278282	3272
278399	3273
278495	3274
279016	3275
279223	3276
281946	3277
281995	3278
284284	3279
285260	3280
286518	3281
289139	3282
289499	3283
290455	3284
290668	3285
290898	3286
290923	3287
291099	3288
291112	3289
291214	3290
291222	3291
291510	3292
291678	3293
291713	3294
291715	3295
291724	3296
291958	3297
293191	3298
293350	3299
293463	3300
293937	3301
296765	3302
297087	3303
299111	3304
299584	3305
299740	3306
299847	3307
300208	3308
300452	3309
300749	3310
301073	3311
301346	3312
301720	3313
302207	3314
302229	3315
303374	3316
304793	3317
306535	3318
306580	3319
306710	3320
307838	3321
308346	3322
308389	3323
311793	3324
317400	3325
318831	3326
319156	3327
319469	3328
319509	3329
320837	3330
320925	3331
321226	3332
322539	3333
323671	3334
328046	3335
328279	3336
328726	3337
329068	3338
330651	3339
332651	3340
334968	3341
335105	3342
335329	3343
335581	3344
336627	3345
337063	3346
338411	3347
343218	3348
344077	3349
346545	3350
346937	3351
347181	3352
347318	3353
347472	3354
347657	3355
347926	3356
348069	3357
349401	3358
351243	3359
351771	3360
351774	3361
354118	3362
355078	3363
358278	3364
359146	3365
359193	3366
360684	3367
361248	3368
362374	3369
366377	3370
368624	3371
369213	3372
371266	3373
371723	3374
372981	3375
373370	3376
376417	3377
376686	3378
376737	3379
377763	3380
378936	3381
380045	3382
380680	3383
382233	3384
382704	3385
383285	3386
384048	3387
384149	3388
385255	3389
385330	3390
385527	3391
389404	3392
390056	3393
390968	3394
392041	3395
392418	3396
392666	3397
392836	3398
396041	3399
398548	3400
398834	3401
398945	3402
400882	3403
401768	3404
407410	3405
408345	3406
408360	3407
408548	3408
408726	3409
410683	3410
410859	3411
412671	3412
414977	3413
415100	3414
416430	3415
417669	3416
417742	3417
419367	3418
419731	3419
420439	3420
421005	3421
421471	3422
421549	3423
421666	3424
422087	3425
422187	3426
422749	3427
423456	3428
423761	3429
423844	3430
423926	3431
424003	3432
425623	3433
425978	3434
426257	3435
426661	3436
426913	3437
427765	3438
427858	3439
428199	3440
428445	3441
428526	3442
428997	3443
429738	3444
430317	3445
430366	3446
430590	3447
430632	3448
430683	3449
430708	3450
431115	3451
431568	3452
431596	3453
431635	3454
432758	3455
433301	3456
433354	3457
433405	3458
433650	3459
434319	3460
436727	3461
438210	3462
439519	3463
441762	3464
442155	3465
443583	3466
443646	3467
445439	3468
446393	3469
448988	3470
449053	3471
450051	3472
450085	3473
450270	3474
450360	3475
450436	3476
453527	3477
454857	3478
455550	3479
455563	3480
455675	3481
455762	3482
456107	3483
456298	3484
457361	3485
457432	3486
458242	3487
460503	3488
463836	3489
465806	3490
465946	3491
466009	3492
466090	3493
466313	3494
466585	3495
467054	3496
467078	3497
467358	3498
467397	3499
467838	3500
468704	3501
471206	3502
471244	3503
471583	3504
471663	3505
471738	3506
471874	3507
471962	3508
472021	3509
476075	3510
484725	3511
486894	3512
487105	3513
488829	3514
489572	3515
489724	3516
494582	3517
495539	3518
497338	3519
497681	3520
497790	3521
498250	3522
499317	3523
499526	3524
500006	3525
500425	3526
501362	3527
501635	3528
504214	3529
504235	3530
508240	3531
508614	3532
509601	3533
511692	3534
513293	3535
513581	3536
514318	3537
514890	3538
515023	3539
517982	3540
518809	3541
519712	3542
519922	3543
520342	3544
523393	3545
524351	3546
524609	3547
525330	3548
525594	3549
525735	3550
527721	3551
529787	3552
530228	3553
531852	3554
532577	3555
532966	3556
533010	3557
535749	3558
535956	3559
536734	3560
538758	3561
541937	3562
542184	3563
542509	3564
542538	3565
543128	3566
544305	3567
545175	3568
545748	3569
546664	3570
547196	3571
547864	3572
548204	3573
550403	3574
555057	3575
555952	3576
556316	3577
556356	3578
556726	3579
557712	3580
558034	3581
558903	3582
559075	3583
559120	3584
559465	3585
560507	3586
560524	3587
568906	3588
569063	3589
569724	3590
571386	3591
574739	3592
574741	3593
575069	3594
576023	3595
576036	3596
576238	3597
578583	3598
580313	3599
580403	3600
580848	3601
582462	3602
584093	3603
584372	3604
584928	3605
585950	3606
586746	3607
590209	3608
590820	3609
591007	3610
591169	3611
591298	3612
596778	3613
596895	3614
597601	3615
597686	3616
598558	3617
598908	3618
599260	3619
600480	3620
600924	3621
601115	3622
601724	3623
602123	3624
602494	3625
602786	3626
602822	3627
603043	3628
603224	3629
603804	3630
604111	3631
604171	3632
607625	3633
607927	3634
609067	3635
609155	3636
609512	3637
609755	3638
610720	3639
610781	3640
610820	3641
610923	3642
611008	3643
611742	3644
614677	3645
614914	3646
615884	3647
617073	3648
617414	3649
617457	3650
617647	3651
617660	3652
619750	3653
621289	3654
623293	3655
623552	3656
624937	3657
630617	3658
633110	3659
633361	3660
636786	3661
641449	3662
641631	3663
642587	3664
645148	3665
649191	3666
650052	3667
650085	3668
652920	3669
653061	3670
653693	3671
654961	3672
665135	3673
665323	3674
665703	3675
668245	3676
668246	3677
668378	3678
672450	3679
672470	3680
672810	3681
676314	3682
677755	3683
679970	3684
682078	3685
682144	3686
683332	3687
684200	3688
684209	3689
689637	3690
690025	3691
690677	3692
691065	3693
691455	3694
691827	3695
693057	3696
694698	3697
698931	3698
699090	3699
699570	3700
700551	3701
700607	3702
700801	3703
701164	3704
701239	3705
701554	3706
704218	3707
706255	3708
706430	3709
707027	3710
708072	3711
708272	3712
708591	3713
708592	3714
708698	3715
708882	3716
708995	3717
709047	3718
709991	3719
711405	3720
713336	3721
714483	3722
714604	3723
715352	3724
716724	3725
716741	3726
717018	3727
717914	3728
718822	3729
719452	3730
721077	3731
721130	3732
723206	3733
723553	3734
725839	3735
727576	3736
727950	3737
728048	3738
728055	3739
732731	3740
735080	3741
735404	3742
735997	3743
737452	3744
738249	3745
739919	3746
741403	3747
741426	3748
741473	3749
741553	3750
741713	3751
741755	3752
742242	3753
743118	3754
743129	3755
743155	3756
743916	3757
744315	3758
744632	3759
744658	3760
748337	3761
748726	3762
749584	3763
750450	3764
751073	3765
751226	3766
751227	3767
752679	3768
752865	3769
753196	3770
754672	3771
755432	3772
755666	3773
755732	3774
756560	3775
756603	3776
756646	3777
756650	3778
757861	3779
758004	3780
758933	3781
759749	3782
761039	3783
763051	3784
764321	3785
765488	3786
766633	3787
767268	3788
768510	3789
768721	3790
768727	3791
768733	3792
769928	3793
770377	3794
771447	3795
774737	3796
775288	3797
775952	3798
778682	3799
780998	3800
785041	3801
786080	3802
787007	3803
788340	3804
789550	3805
789819	3806
791462	3807
792875	3808
794360	3809
795056	3810
795058	3811
795307	3812
795362	3813
796378	3814
797120	3815
798541	3816
799381	3817
799623	3818
800185	3819
800324	3820
800378	3821
800565	3822
800932	3823
802283	3824
803178	3825
803230	3826
803238	3827
803669	3828
803880	3829
804353	3830
804508	3831
804920	3832
806541	3833
806766	3834
806781	3835
806823	3836
808219	3837
811924	3838
814284	3839
817176	3840
818957	3841
819567	3842
820256	3843
821496	3844
822190	3845
822460	3846
823400	3847
824726	3848
824776	3849
825433	3850
825632	3851
825883	3852
825977	3853
825981	3854
827053	3855
828279	3856
830905	3857
830941	3858
832059	3859
832285	3860
832828	3861
832947	3862
833125	3863
833162	3864
834504	3865
835169	3866
838432	3867
838740	3868
842355	3869
842935	3870
843065	3871
843168	3872
843172	3873
843215	3874
843582	3875
843615	3876
843815	3877
843984	3878
844067	3879
844140	3880
844363	3881
844690	3882
845173	3883
845228	3884
845835	3885
846591	3886
846727	3887
846918	3888
846947	3889
847192	3890
847352	3891
847732	3892
850051	3893
850285	3894
850482	3895
850671	3896
850763	3897
852190	3898
852553	3899
853122	3900
854028	3901
855775	3902
855789	3903
857219	3904
857281	3905
857444	3906
860123	3907
860188	3908
860270	3909
860801	3910
860870	3911
861076	3912
861651	3913
861703	3914
861763	3915
862439	3916
862734	3917
863630	3918
863895	3919
864022	3920
864999	3921
866586	3922
867312	3923
867509	3924
867730	3925
868112	3926
868206	3927
868369	3928
868371	3929
868545	3930
869215	3931
869714	3932
869773	3933
869890	3934
870746	3935
870818	3936
871026	3937
873043	3938
873978	3939
874650	3940
874962	3941
874985	3942
874990	3943
878929	3944
879232	3945
880185	3946
880827	3947
881071	3948
882087	3949
882161	3950
883519	3951
884143	3952
884637	3953
885530	3954
886299	3955
886326	3956
887390	3957
890154	3958
890165	3959
890299	3960
890391	3961
890873	3962
891197	3963
892185	3964
892499	3965
895816	3966
895827	3967
896288	3968
896394	3969
897005	3970
897749	3971
900201	3972
901788	3973
902379	3974
902479	3975
902762	3976
902821	3977
902850	3978
903227	3979
904198	3980
905152	3981
905168	3982
905201	3983
905305	3984
906782	3985
910870	3986
912290	3987
913788	3988
916015	3989
917325	3990
917347	3991
917498	3992
918578	3993
918761	3994
918763	3995
919198	3996
920044	3997
920834	3998
920902	3999
922866	4000
923007	4001
923062	4002
923503	4003
923676	4004
923769	4005
924584	4006
924833	4007
928137	4008
929131	4009
932052	4010
933192	4011
935416	4012
936853	4013
937750	4014
938506	4015
938587	4016
938996	4017
939135	4018
940362	4019
940601	4020
940639	4021
940684	4022
940701	4023
941764	4024
941829	4025
942358	4026
943073	4027
943401	4028
944953	4029
945700	4030
946108	4031
947243	4032
947244	4033
953142	4034
953173	4035
953296	4036
953435	4037
953462	4038
954117	4039
954193	4040
954464	4041
954654	4042
955992	4043
956060	4044
956082	4045
956156	4046
956168	4047
956173	4048
958209	4049
958231	4050
958388	4051
958718	4052
958747	4053
962532	4054
963071	4055
963393	4056
963950	4057
964654	4058
964747	4059
966818	4060
969786	4061
972731	4062
973263	4063
973467	4064
973468	4065
973514	4066
973933	4067
974950	4068
975417	4069
976021	4070
976530	4071
976821	4072
976980	4073
977871	4074
978867	4075
979504	4076
979628	4077
979821	4078
980096	4079
980250	4080
981630	4081
981835	4082
982295	4083
982952	4084
983347	4085
984876	4086
985254	4087
988760	4088
991839	4089
992430	4090
992486	4091
993278	4092
994422	4093
994858	4094
994909	4095
995312	4096
996083	4097
996540	4098
996574	4099
998091	4100
998580	4101
998920	4102
999287	4103
1000853	4104
1001063	4105
1001070	4106
1001407	4107
1002060	4108
1002596	4109
1002734	4110
1002951	4111
1004032	4112
1004129	4113
1004652	4114
1005181	4115
1005477	4116
1005633	4117
1006039	4118
1006486	4119
1007209	4120
1008107	4121
1009544	4122
1010230	4123
1010402	4124
1011767	4125
1011972	4126
1012170	4127
1013399	4128
1013547	4129
1013946	4130
1013964	4131
1014176	4132
1017267	4133
1017815	4134
1018588	4135
1019148	4136
1019602	4137
1019631	4138
1019915	4139
1019964	4140
1019995	4141
1021104	4142
1021107	4143
1021131	4144
1021342	4145
1021378	4146
1021828	4147
1022161	4148
1022649	4149
1022783	4150
1022814	4151
1023276	4152
1025666	4153
1026259	4154
1026495	4155
1026658	4156
1026695	4157
1027020	4158
1027101	4159
1027609	4160
1027643	4161
1027662	4162
1027737	4163
1027828	4164
1027929	4165
1028329	4166
1028348	4167
1028372	4168
1028484	4169
1030255	4170
1030578	4171
1030834	4172
1030938	4173
1031163	4174
1032062	4175
1032168	4176
1032475	4177
1033041	4178
1033061	4179
1033105	4180
1033451	4181
1033731	4182
1033776	4183
1034733	4184
1034745	4185
1035361	4186
1035371	4187
1035460	4188
1035920	4189
1036229	4190
1036257	4191
1036818	4192
1036974	4193
1038045	4194
1038059	4195
1038849	4196
1040026	4197
1041335	4198
1042652	4199
1042965	4200
1043001	4201
1044133	4202
1045450	4203
1045535	4204
1045598	4205
1045765	4206
1045807	4207
1047089	4208
1047114	4209
1047855	4210
1048020	4211
1048405	4212
1048895	4213
1048977	4214
1051546	4215
1051771	4216
1051783	4217
1051854	4218
1052693	4219
1052926	4220
1054216	4221
1055203	4222
1057777	4223
1061470	4224
1061642	4225
1061664	4226
1062927	4227
1063248	4228
1064504	4229
1064603	4230
1065710	4231
1067381	4232
1067825	4233
1068012	4234
1068577	4235
1068857	4236
1069239	4237
1070620	4238
1071476	4239
1073409	4240
1075956	4241
1076949	4242
1079883	4243
1080790	4244
1081047	4245
1081752	4246
1082434	4247
1082830	4248
1083626	4249
1083663	4250
1083670	4251
1084500	4252
1085142	4253
1085180	4254
1086061	4255
1086238	4256
1088992	4257
1090396	4258
1091052	4259
1093895	4260
1096036	4261
1096105	4262
1096647	4263
1098996	4264
1099048	4265
1099445	4266
1103299	4267
1103657	4268
1105389	4269
1110690	4270
1114891	4271
1116749	4272
1118593	4273
1118843	4274
1118972	4275
1119041	4276
1121729	4277
1124628	4278
1125394	4279
1125395	4280
1128697	4281
1128710	4282
1130996	4283
1131829	4284
1131939	4285
1132558	4286
1132952	4287
1134416	4288
1136303	4289
1136337	4290
1139385	4291
1139508	4292
1141572	4293
1142521	4294
1145822	4295
1146757	4296
1147520	4297
1147806	4298
1148054	4299
1149405	4300
1153663	4301
1154792	4302
1156183	4303
1156819	4304
1156884	4305
1157578	4306
1158207	4307
1158245	4308
1160247	4309
1160366	4310
1160404	4311
1164014	4312
1164114	4313
1167632	4314
1171691	4315
1171970	4316
1173250	4317
1173772	4318
1173816	4319
1174808	4320
1177706	4321
1177746	4322
1177748	4323
1177758	4324
1178300	4325
1178970	4326
1179147	4327
1179315	4328
1181314	4329
1187574	4330
1187790	4331
1187799	4332
1187812	4333
1187821	4334
1188095	4335
1188255	4336
1188429	4337
1188575	4338
1192046	4339
1194787	4340
1195333	4341
1195944	4342
1198568	4343
1198996	4344
1202631	4345
1203583	4346
1204384	4347
1204822	4348
1206042	4349
1206527	4350
1213670	4351
1215207	4352
1216220	4353
1217877	4354
1218295	4355
1218926	4356
1219721	4357
1220438	4358
1223086	4359
1223094	4360
1223844	4361
1227761	4362
1227954	4363
1229564	4364
1230094	4365
1231206	4366
1235957	4367
1236431	4368
1240971	4369
1241022	4370
1241473	4371
1241661	4372
1244907	4373
1245488	4374
1245593	4375
1246619	4376
1246731	4377
1247155	4378
1247167	4379
1248431	4380
1252842	4381
1253571	4382
1254354	4383
1254667	4384
1267597	4385
1267622	4386
1268030	4387
1268535	4388
1275165	4389
1275182	4390
1275433	4391
1276227	4392
1278939	4393
1280086	4394
1281998	4395
1284254	4396
1287027	4397
1287948	4398
1289613	4399
1289934	4400
1290144	4401
1290209	4402
1290707	4403
1291337	4404
1291683	4405
1294782	4406
1295934	4407
1297238	4408
1297846	4409
1298814	4410
1300659	4411
1303515	4412
1304211	4413
1308063	4414
1308203	4415
1309307	4416
1311728	4417
1312279	4418
1312301	4419
1312715	4420
1313033	4421
1313150	4422
1313434	4423
1313460	4424
1313628	4425
1314712	4426
1315100	4427
1315574	4428
1317265	4429
1318421	4430
1318438	4431
1322873	4432
1323051	4433
1324106	4434
1324787	4435
1325906	4436
1326162	4437
1334885	4438
1336171	4439
1336172	4440
1337553	4441
1337658	4442
1337659	4443
1337839	4444
1338185	4445
1338732	4446
1343447	4447
1343570	4448
1349065	4449
1349868	4450
1352440	4451
1352925	4452
1354343	4453
1355124	4454
1355634	4455
1356015	4456
1358876	4457
1360181	4458
1360224	4459
1360303	4460
1361343	4461
1363266	4462
1364208	4463
1364305	4464
1364664	4465
1364682	4466
1364685	4467
1364714	4468
1366610	4469
1370935	4470
1372002	4471
1372512	4472
1372934	4473
1374636	4474
1376994	4475
1377416	4476
1377964	4477
1378417	4478
1380859	4479
1381760	4480
1382058	4481
1384719	4482
1385072	4483
1386318	4484
1387137	4485
1387298	4486
1389071	4487
1389166	4488
1393914	4489
1394086	4490
1394592	4491
1395631	4492
1401404	4493
1404558	4494
1405005	4495
1407637	4496
1407966	4497
1408632	4498
1408745	4499
1409820	4500
1409950	4501
1413815	4502
1416353	4503
1419113	4504
1420484	4505
1421991	4506
1423289	4507
1426764	4508
1432051	4509
1434212	4510
1436518	4511
1439089	4512
1439687	4513
1440945	4514
1442579	4515
1442602	4516
1444265	4517
1444688	4518
1444939	4519
1447522	4520
1448169	4521
1448440	4522
1450692	4523
1451704	4524
1451728	4525
1451754	4526
1452887	4527
1453169	4528
1457705	4529
1458135	4530
1458959	4531
1461566	4532
1465588	4533
1466587	4534
1469375	4535
1469905	4536
1470837	4537
1470921	4538
1472714	4539
1473028	4540
1474014	4541
1478686	4542
1478735	4543
1479029	4544
1482964	4545
1483132	4546
1483214	4547
1485972	4548
1486705	4549
1488789	4550
1488951	4551
1489400	4552
1495052	4553
1498019	4554
1502658	4555
1503463	4556
1505323	4557
1509840	4558
1520559	4559
1521135	4560
1522471	4561
1525111	4562
1527423	4563
1532119	4564
1533485	4565
1534177	4566
1534799	4567
1535128	4568
1535325	4569
1542912	4570
1546460	4571
1546477	4572
1546532	4573
1546933	4574
1547061	4575
1548405	4576
1551099	4577
1557544	4578
1566461	4579
1566548	4580
1566623	4581
1566767	4582
1566813	4583
1566846	4584
1566897	4585
1566968	4586
1567125	4587
1567213	4588
1567328	4589
1567450	4590
1567618	4591
1567876	4592
1568390	4593
1568454	4594
1573476	4595
1575880	4596
1576087	4597
1578659	4598
1579306	4599
1581432	4600
1581460	4601
1585152	4602
1585197	4603
1585267	4604
1585635	4605
1590268	4606
1597482	4607
1598520	4608
1599291	4609
1599825	4610
1600042	4611
1600261	4612
1600652	4613
1607349	4614
1608508	4615
1608912	4616
1609636	4617
1609677	4618
1610961	4619
1610975	4620
1612553	4621
1615183	4622
1615232	4623
1615556	4624
1617234	4625
1617237	4626
1617460	4627
1617559	4628
1618023	4629
1618058	4630
1618174	4631
1618194	4632
1622064	4633
1622582	4634
1622856	4635
1623169	4636
1623318	4637
1623964	4638
1624541	4639
1624947	4640
1625039	4641
1625749	4642
1627394	4643
1627422	4644
1627948	4645
1631527	4646
1633228	4647
1633796	4648
1633974	4649
1634291	4650
1634390	4651
1635255	4652
1635463	4653
1635825	4654
1636068	4655
1636283	4656
1636528	4657
1636595	4658
1636634	4659
1640331	4660
1641430	4661
1642683	4662
1648547	4663
1650364	4664
1650935	4665
1655308	4666
1656684	4667
1656824	4668
1659106	4669
1660374	4670
1660520	4671
1660606	4672
1660674	4673
1668828	4674
1668976	4675
1669233	4676
1669430	4677
1669590	4678
1669792	4679
1669874	4680
1669880	4681
1669943	4682
1669982	4683
1669985	4684
1670562	4685
1670635	4686
1670662	4687
1670731	4688
1671293	4689
1671603	4690
1673869	4691
1673891	4692
1675506	4693
1675628	4694
1675778	4695
1677017	4696
1678715	4697
1678990	4698
1679110	4699
1679235	4700
1679352	4701
1679447	4702
1682222	4703
1683829	4704
1689915	4705
1693831	4706
1694350	4707
1694875	4708
1695657	4709
1700658	4710
1700687	4711
1700778	4712
1700803	4713
1704692	4714
1706127	4715
1712393	4716
1715371	4717
1716440	4718
1719879	4719
1720942	4720
1721390	4721
1721405	4722
1730120	4723
1730940	4724
1730982	4725
1731508	4726
1731656	4727
1733216	4728
1738604	4729
1741525	4730
1743596	4731
1745214	4732
1745670	4733
1746303	4734
1747156	4735
1748006	4736
1748357	4737
1750046	4738
1750771	4739
1755910	4740
1756417	4741
1756587	4742
1757479	4743
1760506	4744
1763462	4745
1764951	4746
1765000	4747
1765051	4748
1765054	4749
1766391	4750
1767193	4751
1767557	4752
1768316	4753
1768422	4754
1770952	4755
1771083	4756
1771201	4757
1771389	4758
1771794	4759
1772978	4760
1773042	4761
1774577	4762
1776113	4763
1777491	4764
1777655	4765
1777767	4766
1779969	4767
1780427	4768
1780838	4769
1782203	4770
1782244	4771
1783112	4772
1785598	4773
1785805	4774
1785806	4775
1786077	4776
1786147	4777
1786191	4778
1786329	4779
1786432	4780
1786749	4781
1788795	4782
1791596	4783
1794645	4784
1794673	4785
1794771	4786
1795100	4787
1795109	4788
1795241	4789
1795249	4790
1795285	4791
1795450	4792
1796195	4793
1797305	4794
1799751	4795
1802617	4796
1803290	4797
1805657	4798
1807188	4799
1807345	4800
1807452	4801
1807731	4802
1807880	4803
1808135	4804
1809177	4805
1810378	4806
1811270	4807
1813668	4808
1814794	4809
1818031	4810
1818134	4811
1821914	4812
1824603	4813
1824936	4814
1827346	4815
1827576	4816
1830251	4817
1832011	4818
1832189	4819
1832604	4820
1835795	4821
1847691	4822
1849260	4823
1851229	4824
1851456	4825
1852507	4826
1853899	4827
1854161	4828
1855494	4829
1855530	4830
1855658	4831
1855931	4832
1856101	4833
1856459	4834
1856546	4835
1856756	4836
1862188	4837
1864993	4838
1865409	4839
1865466	4840
1865781	4841
1866535	4842
1867929	4843
1873317	4844
1877323	4845
1879518	4846
1880765	4847
1881488	4848
1881989	4849
1882356	4850
1882488	4851
1885206	4852
1885500	4853
1885723	4854
1886304	4855
1886350	4856
1888680	4857
1888696	4858
1889074	4859
1889956	4860
1890081	4861
1891261	4862
1893408	4863
1895884	4864
1896607	4865
1897008	4866
1897855	4867
1897955	4868
1898125	4869
1898989	4870
1899963	4871
1900337	4872
1900912	4873
1901401	4874
1901612	4875
1901909	4876
1901990	4877
1904758	4878
1904813	4879
1905090	4880
1905843	4881
1906567	4882
1907116	4883
1907258	4884
1907570	4885
1909134	4886
1909246	4887
1909608	4888
1911553	4889
1911677	4890
1911701	4891
1912981	4892
1913338	4893
1914761	4894
1915088	4895
1915300	4896
1916167	4897
1916170	4898
1916750	4899
1916831	4900
1916951	4901
1917014	4902
1917259	4903
1917291	4904
1917704	4905
1917930	4906
1918164	4907
1918343	4908
1918903	4909
1920729	4910
1920971	4911
1921640	4912
1922714	4913
1923259	4914
1923302	4915
1924563	4916
1924672	4917
1926414	4918
1926519	4919
1926954	4920
1927591	4921
1929605	4922
1929917	4923
1930102	4924
1932083	4925
1934634	4926
1935174	4927
1935513	4928
1935558	4929
1936693	4930
1936703	4931
1937999	4932
1938635	4933
1938913	4934
1939497	4935
1939565	4936
1940690	4937
1941710	4938
1941897	4939
1942951	4940
1943528	4941
1944526	4942
1944851	4943
1945598	4944
1945876	4945
1946489	4946
1946855	4947
1948039	4948
1949430	4949
1949733	4950
1949773	4951
1950454	4952
1953510	4953
1954035	4954
1956509	4955
1958387	4956
1958688	4957
1960805	4958
1961716	4959
1963908	4960
1964603	4961
1966459	4962
1966862	4963
1967082	4964
1967175	4965
1967423	4966
1967773	4967
1968396	4968
1970325	4969
1971094	4970
1971099	4971
1971519	4972
1973830	4973
1975361	4974
1977052	4975
1977628	4976
1978229	4977
1982514	4978
1983013	4979
1986086	4980
1988254	4981
1988789	4982
1988867	4983
1989035	4984
1989128	4985
1989358	4986
1989406	4987
1989609	4988
1989807	4989
1990239	4990
1991085	4991
1991359	4992
1992010	4993
1992092	4994
1992150	4995
1992776	4996
1992859	4997
1993311	4998
1993578	4999
1993956	5000
1994466	5001
1994685	5002
1995116	5003
1995427	5004
1995550	5005
1995735	5006
1997386	5007
1998016	5008
1998020	5009
1998508	5010
1998693	5011
2000114	5012
2000282	5013
2000370	5014
2000414	5015
2002531	5016
2002809	5017
2003322	5018
2003336	5019
2004171	5020
2004769	5021
2006299	5022
2006614	5023
2008037	5024
2008099	5025
2008399	5026
2008560	5027
2008762	5028
2010009	5029
2010067	5030
2011921	5031
2011972	5032
2012055	5033
2012189	5034
2014483	5035
2015519	5036
2018355	5037
2020838	5038
2020963	5039
2022205	5040
2022214	5041
2023693	5042
2024038	5043
2025843	5044
2026005	5045
2026022	5046
2026243	5047
2026749	5048
2027677	5049
2028406	5050
2028845	5051
2028903	5052
2029196	5053
2030667	5054
2032662	5055
2034321	5056
2036038	5057
2036966	5058
2036989	5059
2037110	5060
2037352	5061
2038151	5062
2038556	5063
2040137	5064
2043535	5065
2043715	5066
2043921	5067
2043972	5068
2050941	5069
2051963	5070
2054933	5071
2057641	5072
2060931	5073
2065329	5074
2066907	5075
2069256	5076
2073767	5077
2074131	5078
2074399	5079
2074517	5080
2075078	5081
2076122	5082
2077545	5083
2078114	5084
2079116	5085
2080009	5086
2080387	5087
2081434	5088
2081556	5089
2081589	5090
2081672	5091
2082878	5092
2082945	5093
2083137	5094
2084101	5095
2084869	5096
2085784	5097
2085803	5098
2086135	5099
2087992	5100
2089805	5101
2091920	5102
2093170	5103
2093541	5104
2093839	5105
2094257	5106
2094548	5107
2094815	5108
2094985	5109
2095842	5110
2098052	5111
2098442	5112
2099355	5113
2099881	5114
2100068	5115
2100208	5116
2105023	5117
2109391	5118
2110174	5119
2113037	5120
2114837	5121
2116046	5122
2117093	5123
2117155	5124
2117200	5125
2118252	5126
2119213	5127
2120225	5128
2120575	5129
2123460	5130
2123474	5131
2125793	5132
2126794	5133
2127517	5134
2128821	5135
2129672	5136
2131256	5137
2133591	5138
2133624	5139
2133886	5140
2134091	5141
2136144	5142
2136515	5143
2136604	5144
2137551	5145
2138479	5146
2143017	5147
2144538	5148
2149607	5149
2150445	5150
2151743	5151
2152595	5152
2153033	5153
2157976	5154
2158083	5155
2165701	5156
2166687	5157
2166992	5158
2167386	5159
2167397	5160
2167847	5161
2168201	5162
2169520	5163
2170418	5164
2171441	5165
2172055	5166
2172440	5167
2172466	5168
2172686	5169
2179111	5170
2179308	5171
2180299	5172
2180678	5173
2181555	5174
2181880	5175
2184911	5176
2185584	5177
2185772	5178
2194983	5179
2196697	5180
2201266	5181
2201472	5182
2201916	5183
2202296	5184
2202480	5185
2202875	5186
2203058	5187
2204142	5188
2204548	5189
2205363	5190
2211331	5191
2212418	5192
2213292	5193
2216231	5194
2218582	5195
2218633	5196
2223107	5197
2225710	5198
2226241	5199
2226315	5200
2228913	5201
2229717	5202
2229909	5203
2238374	5204
2238727	5205
2242946	5206
2244818	5207
2245572	5208
2249595	5209
2250326	5210
2250547	5211
2250617	5212
2250721	5213
2250760	5214
2250955	5215
2251112	5216
2251195	5217
2253468	5218
2255538	5219
2255594	5220
2258161	5221
2259426	5222
2259471	5223
2259494	5224
2260341	5225
2262897	5226
2262962	5227
2264434	5228
2265066	5229
2271931	5230
2272592	5231
2272688	5232
2272739	5233
2272794	5234
2272826	5235
2274296	5236
2275712	5237
2276178	5238
2282132	5239
2282202	5240
2282416	5241
2282442	5242
2282497	5243
2282586	5244
2282607	5245
2282618	5246
2282623	5247
2282625	5248
2284483	5249
2284501	5250
2284529	5251
2287404	5252
2288517	5253
2288566	5254
2289904	5255
2292790	5256
2295450	5257
2296195	5258
2296309	5259
2296387	5260
2297698	5261
2298612	5262
2303766	5263
2304283	5264
2306524	5265
2306573	5266
2306760	5267
2308315	5268
2308372	5269
2308547	5270
2310919	5271
2316652	5272
2318109	5273
2322625	5274
2323115	5275
2324091	5276
2324518	5277
2327902	5278
2333631	5279
2334493	5280
2336342	5281
2337248	5282
2338030	5283
2339458	5284
2339683	5285
2339742	5286
2341735	5287
2343354	5288
2345383	5289
2345421	5290
2351737	5291
2352248	5292
2355366	5293
2356729	5294
2356782	5295
2357346	5296
2357382	5297
2359134	5298
2360028	5299
2361146	5300
2361662	5301
2361701	5302
2361706	5303
2361790	5304
2361883	5305
2362784	5306
2363402	5307
2363998	5308
2364316	5309
2364547	5310
2364645	5311
2365264	5312
2366377	5313
2367037	5314
2367121	5315
2367480	5316
2367503	5317
2367571	5318
2367590	5319
2367668	5320
2367669	5321
2367916	5322
2368125	5323
2368310	5324
2368653	5325
2371496	5326
2372394	5327
2372673	5328
2373033	5329
2373346	5330
2373535	5331
2375006	5332
2375776	5333
2376250	5334
2377638	5335
2378515	5336
2378593	5337
2380952	5338
2384042	5339
2384228	5340
2384605	5341
2385089	5342
2385988	5343
2386609	5344
2387091	5345
2387953	5346
2389128	5347
2390510	5348
2391378	5349
2392112	5350
2392190	5351
2392551	5352
2392616	5353
2394595	5354
2397974	5355
2400056	5356
2400085	5357
2400130	5358
2400652	5359
2400734	5360
2400802	5361
2400822	5362
2400905	5363
2401470	5364
2401609	5365
2401709	5366
2401720	5367
2401777	5368
2401916	5369
2402002	5370
2402389	5371
2402964	5372
2403424	5373
2405461	5374
2406452	5375
2408394	5376
2413220	5377
2416168	5378
2417080	5379
2423401	5380
2424651	5381
2426896	5382
2430728	5383
2431726	5384
2431932	5385
2432506	5386
2432593	5387
2433225	5388
2433707	5389
2433747	5390
2433976	5391
2434049	5392
2434274	5393
2434546	5394
2434640	5395
2434982	5396
2436051	5397
2436067	5398
2437439	5399
2437762	5400
2438856	5401
2439494	5402
2443151	5403
2445628	5404
2446447	5405
2446954	5406
2452133	5407
2456967	5408
2458274	5409
2458715	5410
2459172	5411
2459220	5412
2459234	5413
2459289	5414
2460122	5415
2460140	5416
2460155	5417
2461185	5418
2461423	5419
2461562	5420
2462346	5421
2462763	5422
2462789	5423
2462794	5424
2462801	5425
2463052	5426
2463347	5427
2464016	5428
2464591	5429
2465203	5430
2466130	5431
2467775	5432
2468030	5433
2469070	5434
2471329	5435
2474549	5436
2477554	5437
2477649	5438
2478385	5439
2479701	5440
2483153	5441
2483169	5442
2483833	5443
2483873	5444
2483991	5445
2484006	5446
2484695	5447
2486080	5448
2486478	5449
2487038	5450
2487632	5451
2488553	5452
2488895	5453
2489690	5454
2490818	5455
2491656	5456
2491696	5457
2491742	5458
2491763	5459
2491781	5460
2493328	5461
2493358	5462
2493471	5463
2493493	5464
2493588	5465
2493701	5466
2493954	5467
2493968	5468
2494064	5469
2494109	5470
2494138	5471
2494184	5472
2494291	5473
2494632	5474
2495454	5475
2496358	5476
2496536	5477
2496567	5478
2496876	5479
2498336	5480
2499429	5481
2499675	5482
2500424	5483
2500795	5484
2500852	5485
2500944	5486
2501069	5487
2501404	5488
2501422	5489
2502126	5490
2503087	5491
2503303	5492
2503519	5493
2503741	5494
2504996	5495
2505128	5496
2505569	5497
2505698	5498
2507479	5499
2508999	5500
2509428	5501
2509444	5502
2509850	5503
2510636	5504
2511460	5505
2512387	5506
2516091	5507
2517382	5508
2517633	5509
2518206	5510
2521553	5511
2524144	5512
2524460	5513
2526712	5514
2529209	5515
2530649	5516
2530670	5517
2530671	5518
2533041	5519
2535245	5520
2540932	5521
2541010	5522
2543127	5523
2543134	5524
2549885	5525
2551511	5526
2551620	5527
2554843	5528
2554897	5529
2556227	5530
2561282	5531
2561287	5532
2561306	5533
2562292	5534
2563561	5535
2564659	5536
2564681	5537
2564942	5538
2565334	5539
2565395	5540
2565678	5541
2565696	5542
2565904	5543
2566584	5544
2567895	5545
2570516	5546
2571378	5547
2571422	5548
2574885	5549
2575755	5550
2581456	5551
2584208	5552
2584256	5553
2587252	5554
2589131	5555
2590555	5556
2590574	5557
2592663	5558
2592704	5559
2593502	5560
2595163	5561
2596390	5562
2597714	5563
2597968	5564
2598121	5565
2600907	5566
2602552	5567
2603428	5568
2604203	5569
2612117	5570
2612308	5571
2613229	5572
2614171	5573
2616520	5574
2616664	5575
2617336	5576
2619366	5577
2619521	5578
2619540	5579
2619572	5580
2619641	5581
2623469	5582
2623773	5583
2624896	5584
2624906	5585
2627894	5586
2627933	5587
2629416	5588
2633465	5589
2634646	5590
2634818	5591
2635749	5592
2635921	5593
2638711	5594
2639246	5595
2639429	5596
2641235	5597
2641549	5598
2643547	5599
2646971	5600
2649536	5601
2651183	5602
2651219	5603
2652549	5604
2654911	5605
2655469	5606
2655511	5607
2655795	5608
2656883	5609
2657294	5610
2657451	5611
2658495	5612
2660326	5613
2660422	5614
2662668	5615
2662773	5616
2663159	5617
2663941	5618
2665729	5619
2666069	5620
2666140	5621
2666273	5622
2666312	5623
2666527	5624
2666619	5625
2667137	5626
2670015	5627
2671181	5628
2672088	5629
2672846	5630
2673718	5631
2679121	5632
2681799	5633
2682749	5634
2682814	5635
2686413	5636
2688447	5637
2688497	5638
2692135	5639
2692290	5640
2693091	5641
2695462	5642
2699684	5643
2704393	5644
2705937	5645
2707692	5646
2710167	5647
2713439	5648
2713951	5649
2717276	5650
2718164	5651
2718666	5652
2719221	5653
2719404	5654
2722676	5655
2723369	5656
2727818	5657
2727892	5658
2727987	5659
2728165	5660
2732132	5661
2732295	5662
2734051	5663
2734441	5664
2734547	5665
2734653	5666
2734662	5667
2735729	5668
2737103	5669
2743357	5670
2745118	5671
2745397	5672
2746297	5673
2747283	5674
2747339	5675
2752159	5676
2754278	5677
2761856	5678
2763668	5679
2766535	5680
2766596	5681
2767318	5682
2767448	5683
2767465	5684
2767685	5685
2772604	5686
2773180	5687
2775909	5688
2776423	5689
2777298	5690
2777684	5691
2777960	5692
2778445	5693
2778542	5694
2778619	5695
2781645	5696
2783517	5697
2784170	5698
2784527	5699
2784533	5700
2784865	5701
2786658	5702
2787581	5703
2788110	5704
2788739	5705
2789429	5706
2789432	5707
2793351	5708
2794386	5709
2794745	5710
2794784	5711
2795669	5712
2795842	5713
2797113	5714
2801440	5715
2802828	5716
2803006	5717
2803093	5718
2803444	5719
2803760	5720
2804242	5721
2804326	5722
2804409	5723
2804533	5724
2804753	5725
2804757	5726
2804809	5727
2804819	5728
2804835	5729
2804947	5730
2804955	5731
2805003	5732
2805496	5733
2807908	5734
2811719	5735
2814708	5736
2816348	5737
2816399	5738
2816602	5739
2816994	5740
2817120	5741
2817659	5742
2817668	5743
2818033	5744
2818127	5745
2819639	5746
2819866	5747
2832814	5748
2844125	5749
2845025	5750
2846311	5751
2846371	5752
2848349	5753
2849225	5754
2859048	5755
2860142	5756
2862760	5757
2863228	5758
2864128	5759
2870455	5760
2873448	5761
2875050	5762
2875502	5763
2877236	5764
2879004	5765
2879166	5766
2881132	5767
2881249	5768
2881286	5769
2883016	5770
2883107	5771
