1	200	111
2	272	138
3	271	135
4	296	121
5	299	163
6	193	101
7	254	125
8	392	200
9	217	106
10	575	263
11	279	105
12	326	158
13	337	115
14	215	109
15	268	132
16	241	124
17	276	156
18	357	162
19	323	175
20	460	191
21	245	137
22	297	150
23	316	155
24	250	135
25	446	194
26	339	155
27	209	111
28	211	111
29	458	164
30	370	194
31	271	141
32	333	168
33	261	121
34	317	168
35	222	109
36	358	149
37	424	197
38	333	155
39	339	168
40	429	168
41	266	103
42	369	150
43	463	189
44	402	165
45	469	217
46	235	104
47	278	131
48	304	135
49	261	137
50	318	147
51	205	109
52	333	163
53	219	102
54	298	138
55	575	241
56	258	125
57	334	143
58	528	250
59	643	305
60	479	181
61	423	180
62	133	69
63	359	148
64	332	148
65	229	109
66	238	112
67	213	112
68	294	151
69	244	141
70	284	134
71	177	108
72	276	148
73	279	129
74	325	154
75	189	110
76	241	67
77	204	102
78	367	187
79	281	125
80	530	225
81	272	116
82	326	160
83	252	120
84	268	156
85	304	147
86	298	143
87	525	185
88	357	172
89	276	133
90	247	103
91	313	135
92	270	142
93	263	132
94	144	86
95	242	124
96	276	146
97	212	110
98	247	150
99	315	145
100	658	306
101	283	129
102	264	110
103	334	162
104	312	138
105	218	110
106	149	105
107	208	89
108	209	100
109	246	94
110	792	356
111	406	162
112	259	131
113	328	150
114	217	104
115	357	152
116	273	146
117	442	184
118	262	114
119	265	123
120	297	163
121	202	105
122	140	85
123	1429	463
124	112	66
125	296	147
126	229	112
127	462	192
128	194	77
129	207	104
130	319	140
131	214	111
132	218	113
133	205	119
134	231	122
135	255	129
136	268	138
137	294	159
138	207	103
139	331	152
140	306	155
141	206	111
142	423	175
143	276	136
144	286	164
145	270	132
146	203	90
147	397	182
148	250	125
149	274	146
150	241	117
151	196	98
152	310	141
153	309	142
154	423	191
155	340	144
156	280	143
157	236	130
158	459	212
159	206	112
160	191	90
161	230	97
162	282	132
163	238	115
164	286	142
165	466	206
166	275	134
167	299	153
168	225	118
169	237	113
170	266	140
171	258	143
172	203	88
173	308	129
174	253	122
175	233	131
176	386	172
177	330	156
178	747	307
179	202	105
180	410	166
181	203	94
182	833	334
183	630	271
184	310	150
185	201	97
186	522	214
187	418	192
188	215	100
189	133	74
190	652	264
191	214	110
192	231	117
193	350	172
194	302	147
195	145	75
196	144	83
197	233	97
198	374	157
199	216	109
200	218	106
201	188	105
202	182	103
203	229	117
204	301	178
205	224	115
206	258	129
207	198	107
208	187	88
209	336	152
210	219	106
211	230	112
212	293	141
213	309	149
214	305	166
215	242	134
216	290	122
217	179	96
218	202	104
219	275	146
220	278	150
221	292	123
222	283	129
223	268	130
224	230	122
225	264	134
226	361	167
227	212	131
228	179	86
229	280	160
230	299	142
231	236	121
232	1405	461
233	272	134
234	328	145
235	318	165
236	335	163
237	232	119
238	548	221
239	240	110
240	314	147
241	221	124
242	370	148
243	338	138
244	316	158
245	198	90
246	205	113
247	260	137
248	220	98
249	367	181
250	319	147
251	311	139
252	270	147
253	583	214
254	180	88
255	315	161
256	347	174
257	300	143
258	457	196
259	182	89
260	281	135
261	272	127
262	272	133
263	461	208
264	156	77
265	600	211
266	398	154
267	394	167
268	354	164
269	368	182
270	478	198
271	321	126
272	643	251
273	236	106
274	266	125
275	209	110
276	209	98
277	235	118
278	256	124
279	269	139
280	279	137
281	195	102
282	361	154
283	270	124
284	293	137
285	370	190
286	279	152
287	274	160
288	350	177
289	183	104
290	302	141
291	363	195
292	303	143
293	247	126
294	512	197
295	261	106
296	420	203
297	227	109
298	275	138
299	243	115
300	277	128
301	301	142
302	214	104
303	293	139
304	178	89
305	274	136
306	367	174
307	293	113
308	259	101
309	219	95
310	302	153
311	343	150
312	293	116
313	536	257
314	269	131
315	363	179
316	299	128
317	240	109
318	208	118
319	333	135
320	224	120
321	426	176
322	208	104
323	382	185
324	204	96
325	190	98
326	229	108
327	305	142
328	210	127
329	237	115
330	244	132
331	380	174
332	222	125
333	225	110
334	293	135
335	302	152
336	262	122
337	313	179
338	253	132
339	435	205
340	343	160
341	260	141
342	473	203
343	265	130
344	249	142
345	482	211
346	342	149
347	272	132
348	321	145
349	251	139
350	587	242
351	443	219
352	274	124
353	219	126
354	341	133
355	221	131
356	288	140
357	301	148
358	499	199
359	237	116
360	299	134
361	288	123
362	502	229
363	268	121
364	294	131
365	454	213
366	215	114
367	283	140
368	271	119
369	291	149
370	359	178
371	654	343
372	242	112
373	260	123
374	242	123
375	316	124
376	252	115
377	205	98
378	197	97
379	491	198
380	577	213
381	288	155
382	403	187
383	434	192
384	197	102
385	247	131
386	224	103
387	166	94
388	219	92
389	263	128
390	203	102
391	279	148
392	289	142
393	220	121
394	316	148
395	236	105
396	263	124
397	263	136
398	290	160
399	285	153
400	277	144
401	589	232
402	351	178
403	114	69
404	189	105
405	223	113
406	312	135
407	573	261
408	254	131
409	203	102
410	402	172
411	506	214
412	240	117
413	459	200
414	271	154
415	221	117
416	644	255
417	275	143
418	205	113
419	501	226
420	292	147
421	199	116
422	339	152
423	235	129
424	742	234
425	222	114
426	1091	475
427	296	136
428	288	135
429	239	123
430	256	149
431	225	113
432	221	126
433	235	110
434	193	103
435	257	112
436	408	180
437	176	80
438	306	147
439	239	115
440	306	150
441	270	131
442	301	126
443	296	132
444	262	129
445	319	156
446	355	153
447	257	141
448	838	292
449	235	109
450	291	139
451	244	126
452	361	173
453	204	97
454	491	233
455	428	177
456	128	83
457	297	135
458	481	206
459	220	115
460	193	91
461	400	188
462	237	123
463	341	152
464	194	93
465	214	110
466	214	110
467	207	117
468	613	247
469	186	78
470	224	109
471	275	132
472	245	137
473	277	140
474	296	137
475	229	121
476	331	158
477	377	176
478	225	121
479	322	140
480	627	250
481	276	133
482	272	146
483	228	117
484	213	104
485	263	127
486	484	217
487	250	106
488	338	163
489	280	127
490	261	138
491	320	166
492	332	134
493	327	172
494	301	162
495	250	122
496	338	177
497	482	214
498	278	158
499	538	227
500	245	146
501	265	127
502	244	140
503	268	136
504	247	146
505	371	166
506	224	122
507	329	152
508	264	145
509	300	145
510	731	292
511	316	153
512	158	86
513	281	139
514	234	125
515	245	116
516	488	211
517	181	76
518	290	129
519	337	157
520	234	117
521	731	267
522	499	245
523	246	134
524	229	120
525	258	131
526	379	192
527	306	135
528	318	166
529	307	132
530	251	148
531	361	151
532	321	146
533	165	101
534	198	104
535	575	208
536	287	144
537	260	139
538	200	84
539	259	145
540	219	110
541	265	131
542	213	96
543	188	99
544	274	132
545	268	135
546	298	151
547	413	226
548	309	122
549	403	183
550	267	110
551	239	120
552	311	158
553	278	135
554	375	186
555	300	136
556	295	131
557	394	190
558	248	113
559	516	210
560	250	134
561	406	177
562	302	167
563	312	131
564	395	217
565	657	293
566	222	93
567	236	125
568	230	121
569	564	243
570	297	119
571	238	107
572	273	119
573	226	112
574	236	115
575	239	161
576	229	118
577	288	150
578	295	148
579	224	124
580	239	108
581	268	150
582	325	142
583	250	137
584	260	140
585	456	200
586	321	146
587	558	208
588	344	173
589	325	158
590	248	105
591	289	138
592	291	145
593	358	149
594	347	178
595	299	144
596	526	223
597	352	177
598	287	144
599	403	172
600	228	114
601	378	188
602	496	225
603	235	121
604	357	147
605	242	118
606	377	160
607	282	147
608	238	135
609	405	180
610	192	87
611	532	236
612	268	127
613	248	140
614	418	182
615	220	107
616	459	197
617	184	83
618	533	238
619	214	111
620	590	206
621	215	109
622	208	90
623	257	129
624	251	118
625	275	122
626	269	132
627	290	137
628	226	120
629	301	111
630	503	213
631	307	149
632	292	130
633	395	188
634	275	146
635	343	155
636	324	181
637	384	173
638	1009	422
639	620	284
640	231	122
641	228	112
642	327	164
643	352	158
644	251	124
645	267	105
646	289	138
647	343	174
648	293	149
649	288	121
650	285	125
651	530	243
652	282	120
653	241	121
654	228	118
655	259	130
656	254	142
657	253	109
658	424	188
659	276	97
660	242	125
661	362	144
662	328	164
663	267	114
664	206	120
665	377	190
666	171	86
667	735	260
668	554	205
669	302	168
670	917	355
671	213	112
672	249	123
673	289	130
674	216	107
675	346	187
676	349	172
677	410	196
678	494	240
679	480	193
680	205	102
681	277	160
682	348	171
683	372	167
684	293	152
685	190	91
686	326	168
687	166	76
688	796	274
689	234	104
690	269	129
691	226	101
692	285	154
693	245	136
694	280	153
695	177	92
696	255	125
697	126	79
698	243	132
699	378	173
700	180	98
701	281	126
702	238	107
703	222	127
704	165	83
705	304	146
706	225	111
707	296	157
708	291	136
709	371	172
710	293	145
711	206	116
712	259	136
713	327	165
714	229	111
715	267	145
716	282	121
717	720	316
718	221	118
719	446	197
720	292	156
721	198	97
722	263	116
723	223	110
724	239	126
725	433	170
726	350	179
727	279	127
728	208	93
729	554	256
730	353	150
731	432	186
732	203	101
733	362	169
734	336	161
735	537	215
736	300	157
737	194	77
738	214	98
739	457	192
740	398	153
741	398	162
742	352	167
743	301	146
744	182	73
745	734	296
746	214	106
747	334	117
748	397	151
749	576	233
750	274	154
751	1056	330
752	329	146
753	301	149
754	392	181
755	313	135
756	430	160
757	135	59
758	229	96
759	217	113
760	232	113
761	259	148
762	200	85
763	232	113
764	265	155
765	275	115
766	291	145
767	272	126
768	265	131
769	261	122
770	329	160
771	160	91
772	272	122
773	427	193
774	285	150
775	261	106
776	266	131
777	287	140
778	229	119
779	486	230
780	165	95
781	377	186
782	312	140
783	256	109
784	719	233
785	319	144
786	223	118
787	229	103
788	274	134
789	301	146
790	507	224
791	375	170
792	366	180
793	285	167
794	251	123
795	446	227
796	278	165
797	396	164
798	227	132
799	359	170
800	208	114
801	195	107
802	284	120
803	195	100
804	314	136
805	262	116
806	199	110
807	240	105
808	575	217
809	275	131
810	250	139
811	258	115
812	642	264
813	260	135
814	398	213
815	344	198
816	232	118
817	261	129
818	376	179
819	267	142
820	302	130
821	392	176
822	393	184
823	175	95
824	241	130
825	704	292
826	240	139
827	255	102
828	590	237
829	258	112
830	215	108
831	247	144
832	301	145
833	229	132
834	393	161
835	248	139
836	172	89
837	384	191
838	373	165
839	261	142
840	269	129
841	471	188
842	289	148
843	263	120
844	295	131
845	216	109
846	542	250
847	315	129
848	219	98
849	275	138
850	247	121
851	184	103
852	476	203
853	298	146
854	167	64
855	385	160
856	277	128
857	263	143
858	188	89
859	289	122
860	185	99
861	307	149
862	353	162
863	191	106
864	503	219
865	203	94
866	197	121
867	218	122
868	186	95
869	236	125
870	233	94
871	230	105
872	229	94
873	220	109
874	296	136
875	234	127
876	282	132
877	182	92
878	285	147
879	242	140
880	206	88
881	349	175
882	223	111
883	217	112
884	409	188
885	193	98
886	458	208
887	302	166
888	274	148
889	329	140
890	268	99
891	349	175
892	245	127
893	410	170
894	257	133
895	278	135
896	263	134
897	334	168
898	172	78
899	315	148
900	324	149
901	271	131
902	349	188
903	271	141
904	241	118
905	257	129
906	260	125
907	350	152
908	205	107
909	362	156
910	266	140
911	575	235
912	214	123
913	265	131
914	293	130
915	225	120
916	281	129
917	397	167
918	207	123
919	276	125
920	194	96
921	310	130
922	157	71
923	370	172
924	302	169
925	227	114
926	213	102
927	235	122
928	226	107
929	330	158
930	307	122
931	506	196
932	215	102
933	311	154
934	332	141
935	561	213
936	255	115
937	323	148
938	258	145
939	426	195
940	501	221
941	212	109
942	175	90
943	172	87
944	372	162
945	223	117
946	255	122
947	284	137
948	219	111
949	272	137
950	224	113
951	326	150
952	249	133
953	292	141
954	214	112
955	335	185
956	198	97
957	612	253
958	220	126
959	232	114
960	195	109
961	304	150
962	242	127
963	324	184
964	265	130
965	436	195
966	271	123
967	274	145
968	228	122
969	361	186
970	375	176
971	272	153
972	256	125
973	422	211
974	413	194
975	235	134
976	303	135
977	307	140
978	433	203
979	243	131
980	202	110
981	274	130
982	282	121
983	214	125
984	336	162
985	440	189
986	492	213
987	414	172
988	158	79
989	1325	403
990	445	177
991	275	156
992	247	122
993	291	135
994	231	134
995	242	118
996	269	136
997	530	230
998	184	77
999	368	172
1000	300	155
1001	748	248
1002	398	183
1003	220	103
1004	278	139
1005	332	155
1006	353	152
1007	278	135
1008	489	221
1009	261	136
1010	227	111
1011	218	114
1012	278	129
1013	298	141
1014	184	115
1015	269	141
1016	241	114
1017	416	225
1018	159	89
1019	789	357
1020	536	246
1021	306	173
1022	451	185
1023	274	143
1024	226	112
1025	428	177
1026	293	115
1027	257	132
1028	238	118
1029	238	106
1030	216	129
1031	355	176
1032	244	124
1033	395	163
1034	232	125
1035	321	153
1036	333	182
1037	197	108
1038	262	145
1039	248	135
1040	250	131
1041	258	110
1042	451	206
1043	337	176
1044	218	130
1045	293	134
1046	208	100
1047	361	146
1048	337	144
1049	217	118
1050	316	133
1051	286	140
1052	384	199
1053	262	115
1054	261	140
1055	274	133
1056	467	177
1057	228	114
1058	359	149
1059	457	195
1060	438	170
1061	221	110
1062	280	123
1063	431	196
1064	496	202
1065	299	139
1066	349	175
1067	200	96
1068	341	144
1069	501	233
1070	238	109
1071	500	246
1072	650	291
1073	292	153
1074	301	153
1075	272	132
1076	314	141
1077	223	115
1078	380	159
1079	340	123
1080	370	159
1081	193	94
1082	223	104
1083	241	117
1084	250	120
1085	236	115
1086	251	133
1087	223	116
1088	199	110
1089	467	197
1090	247	144
1091	724	284
1092	403	168
1093	536	259
1094	272	147
1095	280	112
1096	180	100
1097	295	148
1098	326	145
1099	339	136
1100	282	145
1101	257	118
1102	262	108
1103	304	135
1104	193	114
1105	331	157
1106	645	305
1107	268	133
1108	252	131
1109	269	152
1110	313	160
1111	293	136
1112	214	117
1113	412	174
1114	255	106
1115	259	120
1116	284	124
1117	201	96
1118	270	132
1119	434	182
1120	299	133
1121	533	221
1122	390	165
1123	579	256
1124	244	121
1125	519	240
1126	237	124
1127	275	132
1128	220	120
1129	349	178
1130	510	217
1131	260	118
1132	275	134
1133	401	160
1134	429	197
1135	463	225
1136	352	164
1137	483	251
1138	219	116
1139	240	124
1140	230	127
1141	230	131
1142	314	136
1143	455	219
1144	373	180
1145	270	140
1146	333	153
1147	207	107
1148	373	160
1149	217	118
1150	549	204
1151	235	116
1152	230	113
1153	255	138
1154	215	114
1155	243	119
1156	237	112
1157	267	130
1158	203	103
1159	273	129
1160	246	125
1161	301	151
1162	200	109
1163	307	167
1164	300	151
1165	246	122
1166	261	128
1167	311	153
1168	251	117
1169	323	150
1170	304	136
1171	265	131
1172	380	179
1173	301	162
1174	313	151
1175	280	117
1176	223	131
1177	263	124
1178	309	121
1179	219	115
1180	246	119
1181	318	137
1182	294	158
1183	224	72
1184	254	136
1185	250	115
1186	226	119
1187	297	148
1188	385	177
1189	279	147
1190	339	162
1191	333	188
1192	204	114
1193	243	119
1194	318	151
1195	231	112
1196	282	130
1197	508	190
1198	211	117
1199	402	201
1200	263	78
1201	280	126
1202	224	80
1203	275	121
1204	236	106
1205	358	156
1206	251	121
1207	213	106
1208	281	114
1209	358	174
1210	126	74
1211	445	179
1212	199	105
1213	314	172
1214	224	117
1215	724	254
1216	232	122
1217	254	129
1218	265	140
1219	217	110
1220	270	128
1221	253	133
1222	256	149
1223	271	127
1224	265	132
1225	268	131
1226	168	97
1227	271	112
1228	177	84
1229	304	142
1230	230	129
1231	294	142
1232	238	114
1233	204	89
1234	231	119
1235	255	138
1236	217	123
1237	257	141
1238	275	121
1239	263	113
1240	294	145
1241	240	124
1242	230	127
1243	292	149
1244	185	96
1245	288	149
1246	1276	349
1247	241	112
1248	337	153
1249	181	96
1250	292	151
1251	353	152
1252	215	119
1253	317	160
1254	266	143
1255	294	144
1256	246	132
1257	277	130
1258	538	202
1259	241	116
1260	380	168
1261	264	130
1262	288	141
1263	269	143
1264	285	137
1265	311	141
1266	482	209
1267	320	146
1268	259	132
1269	296	138
1270	224	117
1271	914	357
1272	218	136
1273	405	194
1274	303	131
1275	446	212
1276	366	188
1277	341	171
1278	240	124
1279	283	120
1280	518	242
1281	232	135
1282	284	143
1283	242	122
1284	220	138
1285	263	134
1286	286	131
1287	360	177
1288	202	115
1289	254	124
1290	369	200
1291	1028	420
1292	442	170
1293	260	121
1294	303	147
1295	222	117
1296	270	138
1297	305	147
1298	307	162
1299	416	197
1300	328	178
1301	575	195
1302	211	115
1303	552	245
1304	294	136
1305	265	106
1306	253	137
1307	219	123
1308	545	224
1309	467	201
1310	214	117
1311	418	184
1312	376	169
1313	277	126
1314	214	85
1315	194	103
1316	392	161
1317	850	301
1318	210	103
1319	364	170
1320	315	143
1321	275	139
1322	587	250
1323	352	168
1324	592	296
1325	106	67
1326	276	141
1327	233	107
1328	245	129
1329	270	136
1330	220	95
1331	269	160
1332	250	131
1333	141	86
1334	241	106
1335	214	120
1336	276	139
1337	183	110
1338	286	129
1339	221	129
1340	261	113
1341	263	138
1342	214	119
1343	309	160
1344	251	128
1345	267	147
1346	216	115
1347	270	140
1348	267	120
1349	306	170
1350	265	135
1351	231	122
1352	276	128
1353	340	154
1354	604	224
1355	466	238
1356	232	117
1357	494	195
1358	241	105
1359	242	113
1360	471	224
1361	514	212
1362	230	123
1363	304	125
1364	621	246
1365	304	157
1366	283	144
1367	423	166
1368	492	212
1369	713	339
1370	360	155
1371	201	103
1372	302	121
1373	197	105
1374	285	125
1375	509	219
1376	397	170
1377	427	159
1378	249	121
1379	427	182
1380	299	141
1381	382	197
1382	218	112
1383	218	115
1384	260	132
1385	226	115
1386	407	152
1387	199	119
1388	449	221
1389	381	183
1390	286	147
1391	304	133
1392	236	126
1393	222	115
1394	188	86
1395	287	124
1396	225	115
1397	211	119
1398	282	128
1399	254	126
1400	301	142
1401	257	126
1402	220	118
1403	227	135
1404	222	113
1405	242	117
1406	396	178
1407	242	127
1408	300	142
1409	448	217
1410	241	101
1411	235	126
1412	246	114
1413	278	146
1414	239	91
1415	636	277
1416	208	118
1417	279	126
1418	366	181
1419	271	117
1420	313	133
1421	429	204
1422	255	127
1423	249	115
1424	223	128
1425	395	193
1426	253	128
1427	346	183
1428	267	112
1429	288	121
1430	187	105
1431	191	119
1432	204	116
1433	262	144
1434	288	120
1435	249	93
1436	236	108
1437	283	159
1438	250	130
1439	909	417
1440	624	253
1441	322	125
1442	342	157
1443	376	161
1444	448	189
1445	568	258
1446	517	204
1447	430	188
1448	243	108
1449	397	207
1450	438	185
1451	339	121
1452	422	157
1453	241	143
1454	328	143
1455	306	152
1456	500	233
1457	381	179
1458	356	157
1459	402	168
1460	707	297
1461	340	161
1462	235	111
1463	419	201
1464	334	142
1465	628	258
1466	253	114
1467	344	133
1468	323	176
1469	339	140
1470	505	218
1471	437	228
1472	165	82
1473	223	112
1474	279	140
1475	216	104
1476	328	127
1477	241	111
1478	250	133
1479	184	116
1480	248	126
1481	253	122
1482	489	235
1483	221	116
1484	268	118
1485	313	159
1486	287	151
1487	296	144
1488	634	293
1489	214	89
1490	268	125
1491	257	121
1492	150	78
1493	269	141
1494	247	110
1495	191	107
1496	209	113
1497	325	171
1498	249	140
1499	327	171
1500	211	109
1501	328	169
1502	276	137
1503	215	124
1504	311	164
1505	323	138
1506	302	151
1507	353	192
1508	374	188
1509	287	159
1510	207	122
1511	211	119
1512	327	163
1513	327	153
1514	221	118
1515	267	115
1516	246	115
1517	226	122
1518	160	92
1519	320	135
1520	181	95
1521	202	101
1522	390	177
1523	330	155
1524	463	229
1525	226	109
1526	333	155
1527	198	98
1528	305	151
1529	362	158
1530	354	156
1531	334	138
1532	1228	464
1533	406	173
1534	312	135
1535	322	155
1536	381	184
1537	456	186
1538	328	147
1539	321	155
1540	341	146
1541	659	233
1542	242	122
1543	366	163
1544	325	144
1545	229	126
1546	235	129
1547	267	133
1548	280	134
1549	302	146
1550	229	116
1551	173	97
1552	226	113
1553	148	80
1554	269	151
1555	218	115
1556	250	127
1557	384	158
1558	214	92
1559	201	105
1560	424	177
1561	159	92
1562	214	118
1563	277	135
1564	294	154
1565	291	156
1566	265	125
1567	257	98
1568	227	120
1569	284	142
1570	167	92
1571	260	131
1572	207	110
1573	211	130
1574	456	196
1575	223	124
1576	288	138
1577	208	104
1578	314	156
1579	314	148
1580	1655	552
1581	331	174
1582	210	84
1583	349	178
1584	419	169
1585	230	116
1586	227	117
1587	271	130
1588	494	186
1589	314	137
1590	317	152
1591	371	179
1592	289	140
1593	691	222
1594	411	177
1595	182	86
1596	466	206
1597	167	92
1598	349	153
1599	548	243
1600	254	133
1601	298	151
1602	394	201
1603	433	212
1604	525	248
1605	274	140
1606	219	116
1607	298	139
1608	237	121
1609	190	111
1610	335	151
1611	448	186
1612	319	150
1613	367	177
1614	194	97
1615	195	96
1616	218	109
1617	238	127
1618	223	128
1619	237	131
1620	263	133
1621	271	127
1622	295	141
1623	203	110
1624	260	130
1625	304	141
1626	255	132
1627	284	137
1628	158	74
1629	253	144
1630	249	112
1631	282	121
1632	230	109
1633	264	105
1634	181	93
1635	294	133
1636	240	132
1637	267	124
1638	232	121
1639	233	109
1640	265	138
1641	246	119
1642	277	137
1643	306	163
1644	200	102
1645	319	144
1646	325	154
1647	300	148
1648	431	205
1649	176	87
1650	304	149
1651	193	97
1652	271	134
1653	302	142
1654	200	108
1655	242	122
1656	384	169
1657	425	190
1658	306	153
1659	354	159
1660	313	123
1661	735	282
1662	198	101
1663	178	85
1664	193	87
1665	321	150
1666	1052	416
1667	217	111
1668	365	147
1669	218	119
1670	258	133
1671	276	139
1672	377	171
1673	283	126
1674	284	144
1675	364	181
1676	233	130
1677	271	120
1678	314	158
1679	328	163
1680	239	131
1681	187	104
1682	309	154
1683	262	140
1684	294	128
1685	211	109
1686	1246	390
1687	229	113
1688	212	115
1689	222	125
1690	559	242
1691	180	101
1692	585	213
1693	282	166
1694	268	130
1695	297	122
1696	212	104
1697	234	111
1698	254	120
1699	229	106
1700	316	127
1701	216	118
1702	230	106
1703	291	137
1704	278	147
1705	336	146
1706	240	136
1707	364	155
1708	325	142
1709	313	141
1710	310	138
1711	226	132
1712	335	157
1713	889	325
1714	192	95
1715	241	129
1716	266	120
1717	238	110
1718	408	188
1719	265	144
1720	316	151
1721	297	126
1722	260	135
1723	308	143
1724	330	174
1725	265	123
1726	280	128
1727	402	204
1728	284	113
1729	1781	607
1730	443	184
1731	342	160
1732	208	100
1733	331	130
1734	228	111
1735	419	189
1736	175	83
1737	223	102
1738	223	116
1739	203	100
1740	210	128
1741	195	103
1742	244	113
1743	256	124
1744	273	132
1745	241	136
1746	325	162
1747	263	139
1748	318	156
1749	149	66
1750	293	138
1751	205	112
1752	207	87
1753	293	147
1754	309	167
1755	309	151
1756	323	148
1757	245	123
1758	396	196
1759	301	142
1760	190	102
1761	217	118
1762	391	191
1763	300	148
1764	203	94
1765	222	118
1766	256	137
1767	414	185
1768	221	112
1769	709	280
1770	446	169
1771	218	85
1772	316	134
1773	230	115
1774	305	140
1775	241	113
1776	296	132
1777	340	168
1778	491	248
1779	155	81
1780	339	145
1781	371	186
1782	347	165
1783	257	129
1784	326	149
1785	236	104
1786	259	114
1787	278	138
1788	473	218
1789	241	117
1790	191	113
1791	375	163
1792	224	110
1793	735	373
1794	344	143
1795	488	208
1796	428	182
1797	184	98
1798	208	97
1799	252	110
1800	541	221
1801	219	110
1802	221	100
1803	206	113
1804	275	147
1805	305	143
1806	324	155
1807	300	139
1808	257	133
1809	303	148
1810	169	104
1811	248	122
1812	191	113
1813	311	159
1814	235	114
1815	195	101
1816	285	164
1817	296	164
1818	238	136
1819	204	113
1820	486	214
1821	380	195
1822	199	107
1823	206	109
1824	237	106
1825	312	166
1826	260	123
1827	364	185
1828	436	196
1829	214	103
1830	262	141
1831	240	113
1832	283	134
1833	392	177
1834	359	189
1835	304	127
1836	313	167
1837	261	140
1838	264	145
1839	221	115
1840	267	112
1841	236	122
1842	619	209
1843	298	154
1844	382	168
1845	264	109
1846	660	294
1847	331	161
1848	170	77
1849	440	200
1850	300	147
1851	765	302
1852	350	153
1853	234	94
1854	140	67
1855	829	372
1856	362	150
1857	521	209
1858	534	252
1859	503	262
1860	450	190
1861	186	90
1862	832	364
1863	199	119
1864	267	109
1865	487	227
1866	292	145
1867	356	180
1868	384	160
1869	277	146
1870	270	152
1871	399	168
1872	208	92
1873	200	83
1874	293	126
1875	188	89
1876	207	100
1877	209	124
1878	462	203
1879	253	136
1880	219	114
1881	283	142
1882	267	126
1883	275	148
1884	265	113
1885	270	100
1886	254	127
1887	295	145
1888	305	164
1889	342	179
1890	334	133
1891	354	139
1892	268	115
1893	259	126
1894	209	101
1895	354	153
1896	241	127
1897	272	109
1898	284	125
1899	278	152
1900	370	147
1901	194	103
1902	214	121
1903	282	160
1904	229	98
1905	420	186
1906	276	128
1907	268	114
1908	393	195
1909	274	119
1910	319	153
1911	270	135
1912	160	91
1913	270	134
1914	417	202
1915	259	147
1916	268	109
1917	374	168
1918	184	97
1919	298	140
1920	217	123
1921	327	153
1922	329	174
1923	627	252
1924	255	131
1925	388	179
1926	328	160
1927	269	132
1928	519	178
1929	430	183
1930	458	187
1931	257	132
1932	185	107
1933	291	136
1934	384	151
1935	366	165
1936	300	162
1937	251	119
1938	333	161
1939	268	132
1940	402	179
1941	163	93
1942	391	187
1943	374	162
1944	266	132
1945	426	216
1946	354	164
1947	955	262
1948	349	164
1949	233	126
1950	247	126
1951	209	106
1952	326	170
1953	259	136
1954	277	133
1955	261	132
1956	207	116
1957	233	104
1958	244	124
1959	238	124
1960	270	161
1961	312	154
1962	239	122
1963	216	125
1964	121	54
1965	261	138
1966	320	160
1967	159	103
1968	318	168
1969	170	105
1970	211	115
1971	302	144
1972	286	123
1973	343	167
1974	313	145
1975	197	104
1976	306	149
1977	213	113
1978	423	176
1979	200	89
1980	229	127
1981	299	123
1982	214	131
1983	265	132
1984	291	139
1985	249	136
1986	204	103
1987	236	118
1988	479	192
1989	276	130
1990	273	139
1991	275	121
1992	290	127
1993	336	187
1994	271	135
1995	249	106
1996	403	172
1997	266	144
1998	336	161
1999	329	128
2000	347	180
2001	357	184
2002	350	137
2003	343	150
2004	260	130
2005	363	154
2006	691	313
2007	398	184
2008	253	118
2009	232	134
2010	373	151
2011	311	132
2012	308	149
2013	283	140
2014	362	162
2015	260	133
2016	374	157
2017	241	116
2018	405	197
2019	361	182
2020	290	133
2021	287	144
2022	169	71
2023	983	340
2024	330	157
2025	463	135
2026	335	145
2027	245	120
2028	194	91
2029	224	115
2030	216	108
2031	249	117
2032	264	128
2033	268	131
2034	260	111
2035	263	104
2036	238	119
2037	196	84
2038	190	106
2039	288	132
2040	365	179
2041	292	152
2042	263	128
2043	320	156
2044	294	166
2045	344	133
2046	218	99
2047	273	149
2048	273	146
2049	197	122
2050	256	115
2051	279	140
2052	297	125
2053	224	133
2054	213	118
2055	262	135
2056	327	153
2057	242	141
2058	269	145
2059	372	172
2060	265	109
2061	256	138
2062	275	139
2063	364	177
2064	222	106
2065	206	112
2066	281	152
2067	297	129
2068	236	113
2069	291	147
2070	352	156
2071	268	124
2072	322	162
2073	310	145
2074	283	143
2075	275	139
2076	191	106
2077	190	96
2078	262	135
2079	143	79
2080	264	118
2081	339	144
2082	200	93
2083	223	99
2084	153	98
2085	305	136
2086	436	182
2087	175	101
2088	274	140
2089	304	152
2090	680	278
2091	390	145
2092	286	133
2093	338	172
2094	352	178
2095	239	129
2096	233	122
2097	229	118
2098	259	114
2099	234	115
2100	167	82
2101	244	124
2102	222	108
2103	241	112
2104	263	130
2105	310	154
2106	276	136
2107	187	109
2108	263	134
2109	289	133
2110	258	141
2111	330	167
2112	297	153
2113	333	164
2114	256	120
2115	237	122
2116	341	128
2117	202	114
2118	242	133
2119	109	59
2120	272	114
2121	227	111
2122	275	143
2123	224	116
2124	212	118
2125	317	140
2126	294	137
2127	295	138
2128	206	107
2129	334	144
2130	278	120
2131	385	161
2132	449	197
2133	297	145
2134	246	114
2135	208	98
2136	399	232
2137	249	110
2138	236	136
2139	344	186
2140	260	144
2141	285	129
2142	245	134
2143	377	172
2144	268	130
2145	189	118
2146	350	163
2147	348	153
2148	262	102
2149	252	109
2150	405	200
2151	327	165
2152	464	209
2153	612	253
2154	355	147
2155	226	126
2156	280	135
2157	338	162
2158	197	101
2159	203	110
2160	288	145
2161	397	159
2162	193	119
2163	307	121
2164	259	141
2165	500	238
2166	207	104
2167	324	148
2168	481	199
2169	460	196
2170	213	100
2171	208	114
2172	1016	405
2173	595	228
2174	279	133
2175	196	102
2176	509	210
2177	266	143
2178	265	145
2179	253	134
2180	240	132
2181	265	141
2182	213	109
2183	219	114
2184	256	137
2185	198	98
2186	186	120
2187	265	121
2188	272	117
2189	220	85
2190	261	111
2191	355	180
2192	206	110
2193	277	146
2194	277	123
2195	278	134
2196	278	120
2197	225	115
2198	278	146
2199	240	117
2200	205	110
2201	306	151
2202	265	129
2203	380	202
2204	292	167
2205	251	129
2206	254	122
2207	192	118
2208	279	135
2209	250	135
2210	307	146
2211	195	109
2212	366	162
2213	150	91
2214	296	139
2215	409	196
2216	429	212
2217	330	132
2218	275	137
2219	378	203
2220	286	122
2221	325	144
2222	235	132
2223	248	126
2224	218	127
2225	373	160
2226	218	112
2227	301	124
2228	195	93
2229	309	149
2230	179	87
2231	300	171
2232	188	100
2233	163	98
2234	173	85
2235	273	114
2236	318	162
2237	233	101
2238	380	189
2239	277	137
2240	666	285
2241	294	146
2242	265	132
2243	389	188
2244	196	110
2245	272	128
2246	284	155
2247	362	178
2248	298	156
2249	297	125
2250	225	102
2251	269	120
2252	200	113
2253	226	121
2254	313	137
2255	214	112
2256	232	145
2257	224	127
2258	219	100
2259	406	233
2260	243	125
2261	354	159
2262	243	117
2263	437	212
2264	237	129
2265	343	162
2266	221	108
2267	1060	414
2268	292	149
2269	350	166
2270	244	141
2271	272	161
2272	250	118
2273	386	180
2274	280	171
2275	336	153
2276	220	123
2277	335	153
2278	231	113
2279	414	154
2280	1164	426
2281	278	122
2282	362	175
2283	436	208
2284	53	41
2285	277	111
2286	349	161
2287	247	121
2288	308	125
2289	321	157
2290	235	121
2291	311	122
2292	280	137
2293	289	144
2294	342	152
2295	374	169
2296	414	179
2297	197	119
2298	234	90
2299	214	105
2300	200	101
2301	204	105
2302	250	139
2303	207	121
2304	286	147
2305	233	103
2306	245	136
2307	281	140
2308	244	121
2309	374	175
2310	304	149
2311	245	128
2312	267	135
2313	322	172
2314	275	133
2315	219	106
2316	559	234
2317	214	117
2318	347	163
2319	432	209
2320	204	114
2321	228	112
2322	269	121
2323	262	138
2324	226	129
2325	228	115
2326	281	139
2327	159	96
2328	336	155
2329	429	196
2330	277	133
2331	145	67
2332	208	126
2333	354	177
2334	317	146
2335	279	132
2336	328	148
2337	302	146
2338	248	119
2339	242	109
2340	240	126
2341	364	172
2342	252	133
2343	412	190
2344	296	147
2345	368	151
2346	645	292
2347	321	143
2348	337	150
2349	227	109
2350	346	165
2351	229	107
2352	219	117
2353	298	135
2354	280	125
2355	362	161
2356	235	105
2357	586	222
2358	344	167
2359	351	156
2360	399	179
2361	235	113
2362	199	101
2363	216	103
2364	239	118
2365	240	132
2366	266	125
2367	270	122
2368	271	127
2369	285	145
2370	262	111
2371	265	100
2372	269	111
2373	262	122
2374	282	132
2375	254	124
2376	308	148
2377	214	115
2378	291	135
2379	300	178
2380	286	146
2381	377	161
2382	305	138
2383	278	143
2384	291	147
2385	221	122
2386	338	171
2387	244	130
2388	232	119
2389	252	117
2390	277	139
2391	266	142
2392	229	113
2393	290	131
2394	325	158
2395	270	143
2396	216	121
2397	765	364
2398	369	143
2399	265	135
2400	194	108
2401	280	126
2402	271	141
2403	457	208
2404	671	278
2405	304	166
2406	851	355
2407	237	110
2408	336	129
2409	327	168
2410	227	107
2411	270	136
2412	1390	611
2413	356	177
2414	580	268
2415	300	139
2416	421	162
2417	205	95
2418	362	169
2419	314	138
2420	384	193
2421	200	97
2422	283	150
2423	288	131
2424	198	83
2425	781	330
2426	304	136
2427	349	149
2428	463	209
2429	169	81
2430	273	134
2431	194	92
2432	184	80
2433	304	139
2434	235	108
2435	233	132
2436	225	117
2437	259	117
2438	218	113
2439	275	138
2440	254	129
2441	254	124
2442	213	106
2443	242	125
2444	200	107
2445	252	120
2446	310	159
2447	184	88
2448	328	131
2449	169	86
2450	283	129
2451	222	123
2452	257	137
2453	168	95
2454	274	120
2455	275	137
2456	322	144
2457	236	102
2458	216	117
2459	318	144
2460	258	137
2461	243	112
2462	288	131
2463	297	151
2464	368	202
2465	281	131
2466	250	107
2467	265	131
2468	222	121
2469	487	215
2470	325	146
2471	218	116
2472	186	103
2473	309	144
2474	261	123
2475	219	122
2476	1067	464
2477	334	170
2478	1136	318
2479	306	154
2480	386	192
2481	251	122
2482	318	145
2483	334	174
2484	250	136
2485	233	114
2486	346	175
2487	249	117
2488	361	176
2489	351	186
2490	488	234
2491	395	182
2492	486	242
2493	328	160
2494	312	148
2495	389	177
2496	443	194
2497	208	94
2498	274	132
2499	376	158
2500	199	102
2501	301	148
2502	700	269
2503	251	143
2504	286	140
2505	489	213
2506	386	170
2507	194	99
2508	242	96
2509	273	147
2510	236	119
2511	253	127
2512	244	127
2513	228	122
2514	274	147
2515	286	165
2516	269	138
2517	233	128
2518	547	260
2519	221	126
2520	275	143
2521	255	129
2522	258	127
2523	266	143
2524	259	131
2525	270	135
2526	254	139
2527	291	133
2528	200	109
2529	222	89
2530	266	143
2531	337	168
2532	348	183
2533	177	89
2534	217	125
2535	217	110
2536	273	130
2537	275	131
2538	209	120
2539	305	152
2540	191	106
2541	310	145
2542	222	121
2543	355	173
2544	272	128
2545	343	154
2546	366	181
2547	260	133
2548	231	125
2549	267	141
2550	209	95
2551	306	130
2552	287	148
2553	261	137
2554	686	256
2555	226	118
2556	316	167
2557	393	164
2558	418	184
2559	296	150
2560	217	112
2561	1062	351
2562	220	115
2563	380	165
2564	242	132
2565	213	104
2566	205	96
2567	1245	459
2568	380	171
2569	278	130
2570	207	109
2571	219	103
2572	644	245
2573	224	102
2574	306	145
2575	219	125
2576	259	142
2577	288	140
2578	259	128
2579	247	120
2580	271	128
2581	114	63
2582	253	138
2583	265	149
2584	242	130
2585	330	164
2586	341	178
2587	273	131
2588	204	120
2589	963	378
2590	264	118
2591	295	154
2592	212	112
2593	340	161
2594	186	96
2595	193	93
2596	416	186
2597	249	138
2598	224	127
2599	264	116
2600	462	237
2601	292	139
2602	214	126
2603	473	208
2604	297	150
2605	286	144
2606	266	142
2607	382	207
2608	489	215
2609	282	120
2610	294	141
2611	318	151
2612	433	207
2613	345	159
2614	516	223
2615	317	156
2616	563	223
2617	375	202
2618	357	176
2619	243	120
2620	229	113
2621	346	146
2622	185	89
2623	655	289
2624	384	171
2625	425	199
2626	650	246
2627	528	227
2628	247	118
2629	211	96
2630	384	194
2631	359	187
2632	370	184
2633	229	108
2634	307	129
2635	397	150
2636	343	163
2637	299	142
2638	202	100
2639	217	112
2640	254	122
2641	289	142
2642	296	159
2643	231	120
2644	223	115
2645	282	143
2646	274	143
2647	244	115
2648	359	153
2649	173	92
2650	402	196
2651	247	119
2652	254	119
2653	215	111
2654	308	150
2655	328	142
2656	469	192
2657	275	157
2658	222	108
2659	291	140
2660	306	154
2661	218	124
2662	290	149
2663	415	202
2664	271	121
2665	300	138
2666	308	146
2667	442	212
2668	294	154
2669	317	148
2670	382	167
2671	265	155
2672	1192	347
2673	229	123
2674	237	139
2675	358	149
2676	285	143
2677	259	121
2678	270	118
2679	212	68
2680	286	157
2681	280	143
2682	168	78
2683	261	125
2684	216	99
2685	207	97
2686	297	117
2687	383	184
2688	242	126
2689	206	99
2690	203	110
2691	282	150
2692	186	118
2693	279	129
2694	447	227
2695	258	121
2696	307	153
2697	230	113
2698	272	127
2699	243	129
2700	221	122
2701	195	108
2702	281	130
2703	269	153
2704	284	147
2705	250	128
2706	306	149
2707	216	135
2708	273	153
2709	191	100
2710	291	144
2711	305	144
2712	434	190
2713	381	193
2714	226	123
2715	351	160
2716	194	96
2717	304	136
2718	224	117
2719	280	147
2720	331	129
2721	289	150
2722	236	133
2723	213	81
2724	293	152
2725	320	134
2726	254	140
2727	341	133
2728	358	169
2729	320	164
2730	227	111
2731	335	173
2732	204	101
2733	474	211
2734	353	178
2735	315	139
2736	326	158
2737	182	98
2738	212	113
2739	314	123
2740	316	132
2741	400	177
2742	156	95
2743	268	133
2744	509	207
2745	209	104
2746	300	148
2747	283	136
2748	309	153
2749	454	208
2750	279	160
2751	238	115
2752	340	157
2753	183	112
2754	244	120
2755	242	136
2756	182	101
2757	230	103
2758	229	115
2759	216	107
2760	243	122
2761	286	136
2762	444	221
2763	216	126
2764	292	151
2765	175	112
2766	186	101
2767	287	139
2768	201	110
2769	274	136
2770	188	91
2771	282	133
2772	317	134
2773	382	178
2774	205	109
2775	273	131
2776	187	99
2777	256	136
2778	270	137
2779	489	219
2780	221	104
2781	201	120
2782	316	118
2783	248	136
2784	169	79
2785	221	123
2786	233	128
2787	185	99
2788	801	313
2789	257	123
2790	266	129
2791	271	118
2792	401	196
2793	308	148
2794	347	168
2795	309	167
2796	269	146
2797	228	106
2798	304	158
2799	286	141
2800	325	139
2801	309	155
2802	339	165
2803	430	187
2804	273	148
2805	316	169
2806	226	97
2807	262	143
2808	286	152
2809	191	112
2810	230	140
2811	253	132
2812	223	96
2813	185	103
2814	187	72
2815	296	142
2816	232	136
2817	223	128
2818	387	203
2819	195	107
2820	252	115
2821	271	124
2822	297	115
2823	283	140
2824	387	201
2825	232	119
2826	291	156
2827	217	96
2828	426	208
2829	275	123
2830	239	149
2831	244	115
2832	280	159
2833	287	148
2834	305	148
2835	156	99
2836	250	118
2837	280	137
2838	265	127
2839	556	256
2840	205	127
2841	259	137
2842	303	146
2843	253	128
2844	298	144
2845	263	115
2846	198	110
2847	192	94
2848	245	137
2849	263	134
2850	259	137
2851	376	150
2852	370	168
2853	267	145
2854	311	136
2855	283	149
2856	254	132
2857	228	118
2858	281	127
2859	279	136
2860	287	137
2861	236	87
2862	316	113
2863	384	176
2864	283	136
2865	234	120
2866	196	91
2867	201	113
2868	228	120
2869	359	152
2870	199	96
2871	206	108
2872	366	190
2873	1805	403
2874	348	182
2875	314	139
2876	250	118
2877	244	133
2878	316	154
2879	270	130
2880	256	114
2881	634	278
2882	220	122
2883	318	158
2884	322	132
2885	435	204
2886	230	111
2887	367	170
2888	505	210
2889	330	162
2890	563	256
2891	235	107
2892	1145	397
2893	367	167
2894	212	117
2895	245	125
2896	562	222
2897	191	82
2898	238	122
2899	271	137
2900	220	111
2901	205	119
2902	289	146
2903	285	161
2904	194	92
2905	250	111
2906	220	133
2907	188	78
2908	298	136
2909	195	119
2910	292	128
2911	196	105
2912	174	74
2913	209	116
2914	310	161
2915	194	114
2916	311	165
2917	225	111
2918	260	132
2919	178	89
2920	310	177
2921	368	168
2922	314	171
2923	321	155
2924	99	59
2925	259	141
2926	253	132
2927	294	149
2928	226	109
2929	243	123
2930	244	127
2931	249	95
2932	235	115
2933	246	110
2934	448	203
2935	294	129
2936	320	167
2937	517	238
2938	279	126
2939	239	125
2940	270	147
2941	258	120
2942	496	210
2943	232	113
2944	230	109
2945	244	122
2946	243	127
2947	232	112
2948	397	198
2949	262	116
2950	327	177
2951	282	150
2952	369	159
2953	230	104
2954	228	101
2955	179	81
2956	290	136
2957	381	174
2958	357	158
2959	355	172
2960	795	353
2961	434	194
2962	299	138
2963	349	162
2964	222	99
2965	345	162
2966	253	147
2967	372	168
2968	274	127
2969	543	241
2970	224	115
2971	309	153
2972	217	114
2973	268	132
2974	271	138
2975	299	149
2976	750	305
2977	223	126
2978	238	114
2979	213	110
2980	345	150
2981	229	104
2982	239	114
2983	253	138
2984	220	108
2985	275	136
2986	237	117
2987	225	95
2988	266	136
2989	197	113
2990	142	78
2991	281	134
2992	259	129
2993	321	146
2994	241	141
2995	254	119
2996	249	120
2997	263	139
2998	244	119
2999	348	187
3000	252	124
5111	790	359
7319	1563	537
8491	181	93
11221	1986	775
11953	144	79
12653	121	74
19704	265	156
20509	124	60
20566	124	60
21572	197	96
23368	171	109
26038	291	155
26134	308	156
26626	153	63
30478	133	89
31645	112	64
31715	268	129
31795	454	254
31864	261	127
31906	273	130
32113	208	114
32962	1365	502
36294	258	144
38373	1577	663
38611	373	223
39021	102	62
43013	390	180
43734	835	344
44001	178	108
44137	423	193
44225	227	113
44295	226	112
44373	423	194
44642	417	187
44991	1392	537
48537	2429	868
48701	126	75
49184	102	58
54763	1330	499
56612	317	138
56694	234	128
58692	437	217
61369	2512	739
61371	7577	1329
62025	124	73
63858	1120	475
64062	1398	546
64657	1740	673
65099	115	79
66174	1524	683
69923	377	177
70776	261	141
70804	264	142
70926	258	138
71937	2390	738
76351	169	113
78377	1867	729
80183	195	107
80226	195	107
80450	105	68
80511	742	324
80861	127	82
83003	142	79
85004	786	343
87417	400	196
91043	1115	474
92718	120	70
92795	120	69
93437	174	90
95225	171	71
95816	118	75
96386	408	180
96530	354	187
96531	154	89
96756	288	136
96814	1260	545
96843	1046	442
96889	178	104
96917	443	187
97723	309	162
98263	311	164
100009	1174	527
100895	167	81
100976	1473	540
101152	178	96
101696	161	92
102014	190	98
103013	169	92
103235	467	270
103458	323	146
104162	964	314
104564	468	207
105262	388	217
105569	219	116
105656	231	123
105886	265	137
106236	267	157
106405	1193	570
106713	276	148
106918	1268	473
107059	609	261
107228	93	50
107283	426	227
107406	238	124
107614	113	61
108073	936	413
108254	770	296
108619	329	180
108820	448	219
108885	738	329
109392	504	237
109727	1253	511
111339	965	416
112041	258	121
112422	228	155
113017	460	200
113135	134	77
115566	269	163
115897	159	82
117301	136	95
119370	100	74
120345	166	88
123792	137	93
125268	217	122
125507	426	243
126081	481	239
126523	1064	444
127590	109	49
133196	449	222
136441	194	95
139170	332	148
139207	331	146
139314	175	85
141002	391	195
142407	289	152
142589	287	152
142972	183	96
143629	202	104
143815	1317	548
146317	76	35
146473	162	84
148064	125	71
148311	127	71
149160	2260	760
150660	138	88
151297	101	59
151429	1437	512
151458	288	156
152401	358	166
152653	259	125
153800	193	126
154798	496	299
156454	191	95
156498	264	139
156672	139	89
157089	275	128
157445	313	168
157557	190	98
158848	227	120
159209	243	127
160371	104	68
161311	1008	435
162086	144	75
163540	132	81
163633	164	103
164144	168	95
165586	230	129
167681	222	117
168349	168	94
168586	36	28
168684	718	263
168805	729	265
169222	708	288
169458	187	99
169757	134	87
170391	373	208
171573	806	364
172247	359	154
173030	123	74
173216	389	207
174071	2481	640
174197	4179	1136
175011	405	200
175129	397	200
175245	205	109
175428	546	267
175949	338	150
180183	63	47
181422	1914	663
181978	7424	1755
182009	1661	587
182014	295	200
182584	4110	1162
182921	233	115
183509	343	137
184565	237	118
185472	711	266
185480	196	108
186425	205	105
186633	200	100
187112	562	291
191133	222	119
191370	193	111
194832	367	197
194847	367	197
194916	366	198
196147	88	49
197953	264	144
198353	178	110
204085	96	63
205636	1265	525
209795	178	107
210513	195	83
213797	216	116
213895	349	161
216327	1261	392
216625	193	100
217553	1452	511
223663	183	96
226790	283	141
227535	2767	934
227836	2282	764
228549	2433	814
232520	161	98
232776	163	94
234752	1555	585
235842	625	246
236406	165	99
238052	337	153
238223	425	171
241176	768	284
244687	453	213
248489	102	61
248813	397	185
249384	518	273
249660	519	273
249855	1078	496
250399	197	106
250574	374	185
250758	370	182
251008	64	39
252040	148	87
253999	1152	406
254042	1151	404
254070	1154	404
254523	644	295
254591	241	127
254653	63	35
254854	952	381
261226	106	76
261558	138	79
262028	2086	674
263268	1125	426
264330	1113	499
264946	193	111
265036	2079	612
270762	253	107
273264	87	59
273438	76	51
273635	650	314
274226	355	159
274238	311	159
274537	669	302
274704	321	172
274737	7475	1454
275141	441	189
275563	315	187
275829	308	160
276014	158	117
276043	145	86
277444	638	275
278282	93	45
278399	708	353
278495	118	69
279016	351	184
279223	226	121
281946	196	118
281995	192	118
284284	161	82
285260	325	184
286518	165	95
289139	894	336
289499	545	232
290455	954	446
290668	480	234
290898	656	306
290923	265	153
291099	349	168
291112	645	306
291214	223	125
291222	350	197
291510	298	155
291678	1201	511
291713	431	180
291715	475	225
291724	418	177
291958	298	154
293191	1061	397
293350	1123	425
293463	415	218
293937	179	95
296765	2782	771
297087	129	82
299111	205	130
299584	164	100
299740	166	100
299847	1676	670
300208	572	245
300452	241	120
300749	519	238
301073	526	242
301346	247	112
301720	1830	526
302207	233	119
302229	293	142
303374	118	85
304793	1339	489
306535	134	69
306580	137	67
306710	132	68
307838	436	229
308346	838	321
308389	1019	366
311793	630	260
317400	515	274
318831	639	300
319156	653	233
319469	469	204
319509	214	113
320837	214	124
320925	730	294
321226	242	110
322539	138	95
323671	276	143
328046	1262	445
328279	215	116
328726	3029	1053
329068	926	401
330651	2402	747
332651	155	93
334968	277	163
335105	1980	666
335329	289	165
335581	1315	540
336627	710	335
337063	2275	696
338411	125	73
343218	813	350
344077	191	102
346545	962	501
346937	385	166
347181	217	131
347318	175	103
347472	402	233
347657	203	106
347926	1059	424
348069	1067	432
349401	853	377
351243	399	175
351771	169	84
351774	208	104
354118	535	251
355078	865	328
358278	472	231
359146	356	170
359193	354	171
360684	1361	521
361248	795	367
362374	288	180
366377	110	66
368624	1014	359
369213	1272	442
371266	192	103
371723	1041	437
372981	147	104
373370	1037	435
376417	113	81
376686	635	292
376737	176	108
377763	365	221
378936	1193	458
380045	230	124
380680	871	389
382233	515	230
382704	192	109
383285	253	128
384048	229	114
384149	226	114
385255	638	286
385330	634	283
385527	2845	984
389404	1085	409
390056	94	58
390968	150	84
392041	399	176
392418	86	56
392666	897	411
392836	631	302
396041	247	140
398548	694	303
398834	2107	719
398945	447	190
400882	480	232
401768	112	79
407410	93	58
408345	115	72
408360	1360	585
408548	134	79
408726	439	226
410683	125	77
410859	635	284
412671	483	227
414977	767	313
415100	889	352
416430	348	166
417669	340	160
417742	1503	511
419367	163	96
419731	4305	1443
420439	215	116
421005	881	405
421471	3368	1095
421549	310	143
421666	756	313
422087	2335	821
422187	1793	649
422749	295	163
423456	215	106
423761	370	169
423844	123	71
423926	705	307
424003	70	40
425623	130	79
425978	228	101
426257	173	92
426661	239	131
426913	247	141
427765	152	81
427858	116	67
428199	257	136
428445	104	60
428526	118	74
428997	82	53
429738	266	130
430317	211	97
430366	203	103
430590	345	190
430632	248	121
430683	1369	493
430708	1579	522
431115	216	123
431568	1513	533
431596	214	122
431635	329	155
432758	1558	709
433301	162	101
433354	159	98
433405	157	98
433650	162	93
434319	284	193
436727	123	75
438210	550	246
439519	838	379
441762	112	74
442155	2191	752
443583	73	44
443646	138	73
445439	739	231
446393	98	62
448988	860	377
449053	4629	1057
450051	1262	421
450085	224	108
450270	94	64
450360	1815	711
450436	268	146
453527	668	261
454857	308	153
455550	432	227
455563	700	347
455675	1302	442
455762	427	217
456107	435	219
456298	1184	401
457361	1298	493
457432	162	74
458242	2922	908
460503	217	122
463836	504	246
465806	109	71
465946	473	246
466009	1018	386
466090	1164	436
466313	661	302
466585	719	317
467054	210	103
467078	219	105
467358	209	104
467397	79	49
467838	89	53
468704	1447	567
471206	627	269
471244	356	165
471583	106	69
471663	331	158
471738	316	158
471874	1657	620
471962	178	120
472021	191	120
476075	1570	536
484725	274	140
486894	651	327
487105	1481	508
488829	265	141
489572	226	133
489724	172	110
494582	354	171
495539	1304	461
497338	815	342
497681	3739	1231
497790	174	111
498250	986	397
499317	891	390
499526	1240	518
500006	156	100
500425	564	247
501362	708	291
501635	231	109
504214	855	335
504235	328	150
508240	545	235
508614	736	296
509601	113	83
511692	352	223
513293	155	86
513581	155	87
514318	61	41
514890	685	322
515023	254	128
517982	92	49
518809	113	67
519712	112	65
519922	216	113
520342	104	60
523393	267	138
524351	331	157
524609	402	164
525330	323	172
525594	149	88
525735	227	128
527721	428	196
529787	93	52
530228	128	63
531852	131	65
532577	312	202
532966	253	116
533010	382	169
535749	96	61
535956	170	109
536734	378	211
538758	2173	678
541937	1588	673
542184	100	50
542509	106	69
542538	150	93
543128	623	286
544305	530	261
545175	387	213
545748	354	162
546664	249	139
547196	1309	537
547864	137	82
548204	442	199
550403	1838	684
555057	388	202
555952	288	125
556316	257	104
556356	257	105
556726	111	66
557712	108	64
558034	96	59
558903	250	110
559075	182	71
559120	173	89
559465	579	278
560507	347	176
560524	139	87
568906	150	85
569063	75	54
569724	105	75
571386	2484	859
574739	901	367
574741	1715	730
575069	1207	422
576023	340	164
576036	169	103
576238	193	121
578583	1196	370
580313	1204	521
580403	882	407
580848	560	193
582462	223	98
584093	246	101
584372	298	149
584928	146	71
585950	103	59
586746	102	57
590209	199	112
590820	4774	1383
591007	2376	508
591169	640	219
591298	1542	544
596778	414	174
596895	511	232
597601	711	273
597686	184	107
598558	311	140
598908	142	79
599260	215	98
600480	225	117
600924	132	78
601115	229	112
601724	286	173
602123	335	187
602494	355	168
602786	308	131
602822	402	201
603043	1837	616
603224	858	375
603804	413	191
604111	173	92
604171	173	92
607625	248	128
607927	353	186
609067	208	104
609155	63	41
609512	673	301
609755	340	181
610720	1947	686
610781	273	154
610820	343	150
610923	826	356
611008	2249	809
611742	251	128
614677	135	77
614914	153	84
615884	139	83
617073	63	36
617414	327	127
617457	406	207
617647	230	128
617660	97	63
619750	182	95
621289	675	246
623293	995	382
623552	682	271
624937	141	86
630617	187	114
633110	498	221
633361	1034	451
636786	166	75
641449	2715	842
641631	513	223
642587	164	91
645148	101	73
649191	108	59
650052	973	421
650085	154	98
652920	315	178
653061	78	51
653693	2144	671
654961	283	138
665135	147	81
665323	66	52
665703	328	139
668245	173	99
668246	330	161
668378	280	145
672450	1142	429
672470	253	143
672810	811	329
676314	2442	664
677755	321	151
679970	224	119
682078	221	125
682144	282	147
683332	349	183
684200	286	135
684209	141	73
689637	1759	638
690025	111	75
690677	396	197
691065	190	102
691455	182	102
691827	235	139
693057	257	141
694698	322	170
698931	231	137
699090	244	145
699570	230	130
700551	159	103
700607	320	160
700801	226	111
701164	172	101
701239	236	126
701554	233	127
704218	273	146
706255	255	130
706430	174	99
707027	220	99
708072	1161	413
708272	195	109
708591	150	88
708592	261	150
708698	285	158
708882	551	243
708995	150	87
709047	940	427
709991	321	163
711405	733	264
713336	118	80
714483	222	135
714604	1520	550
715352	173	112
716724	426	204
716741	377	144
717018	349	186
717914	262	141
718822	280	121
719452	790	396
721077	221	97
721130	1329	476
723206	1100	375
723553	1101	374
725839	345	145
727576	111	81
727950	252	140
728048	306	149
728055	265	142
732731	237	151
735080	43	32
735404	109	81
735997	541	223
737452	112	48
738249	66	44
739919	372	179
741403	283	133
741426	325	157
741473	228	106
741553	205	112
741713	592	253
741755	626	250
742242	770	306
743118	346	137
743129	217	117
743155	297	155
743916	234	114
744315	166	94
744632	2737	769
744658	271	119
748337	402	186
748726	443	231
749584	498	236
750450	355	154
751073	470	217
751226	297	150
751227	244	124
752679	296	150
752865	211	138
753196	352	143
754672	296	177
755432	486	216
755666	294	157
755732	633	269
756560	243	143
756603	378	216
756646	376	177
756650	368	196
757861	295	153
758004	602	225
758933	286	138
759749	2252	752
761039	260	134
763051	255	132
764321	225	116
765488	333	158
766633	160	86
767268	361	159
768510	243	143
768721	1083	388
768727	368	171
768733	473	206
769928	235	128
770377	1756	604
771447	1223	469
774737	1397	494
775288	1233	465
775952	1357	498
778682	583	247
780998	761	320
785041	229	121
786080	207	100
787007	198	111
788340	1152	471
789550	945	462
789819	529	214
791462	1691	714
792875	236	112
794360	1249	505
795056	2441	783
795058	4869	786
795307	912	368
795362	5060	875
796378	1136	508
797120	1519	522
798541	1492	633
799381	1403	499
799623	440	155
800185	552	205
800324	275	134
800378	1145	468
800565	1066	441
800932	986	417
802283	1118	409
803178	977	416
803230	876	311
803238	1176	524
803669	1149	466
803880	1338	546
804353	782	325
804508	1013	396
804920	195	100
806541	467	203
806766	184	102
806781	472	212
806823	899	358
808219	8669	1717
811924	1618	600
814284	776	289
817176	458	216
818957	300	170
819567	437	195
820256	212	122
821496	240	137
822190	363	178
822460	3073	841
823400	1343	534
824726	6355	1125
824776	12053	1697
825433	253	131
825632	2437	660
825883	1130	341
825977	346	177
825981	186	102
827053	1105	378
828279	257	113
830905	820	245
830941	717	223
832059	596	221
832285	962	319
832828	205	104
832947	220	109
833125	650	224
833162	412	169
834504	584	205
835169	296	146
838432	211	116
838740	333	150
842355	294	168
842935	547	247
843065	595	234
843168	388	177
843172	470	227
843215	582	246
843582	322	163
843615	311	151
843815	467	205
843984	1504	602
844067	520	200
844140	305	139
844363	293	123
844690	241	139
845173	421	221
845228	594	277
845835	574	232
846591	259	127
846727	314	152
846918	546	235
846947	843	314
847192	279	152
847352	569	207
847732	423	187
850051	851	337
850285	1361	463
850482	964	392
850671	765	343
850763	863	355
852190	1119	311
852553	558	252
853122	392	199
854028	6395	1407
855775	372	179
855789	266	117
857219	503	217
857281	333	125
857444	687	294
860123	321	160
860188	5555	1259
860270	5555	1259
860801	1002	382
860870	885	326
861076	368	154
861651	309	154
861703	405	186
861763	781	289
862439	356	154
862734	322	138
863630	437	185
863895	5555	1259
864022	615	238
864999	2312	647
866586	830	307
867312	637	269
867509	406	177
867730	352	162
868112	13394	2286
868206	251	138
868369	13394	2286
868371	13394	2286
868545	624	251
869215	422	148
869714	510	190
869773	309	154
869890	145	86
870746	626	227
870818	303	145
871026	311	162
873043	631	255
873978	585	239
874650	830	342
874962	391	178
874985	2271	763
874990	2271	763
878929	351	167
879232	271	136
880185	337	142
880827	476	224
881071	579	196
882087	448	175
882161	908	300
883519	139	85
884143	248	137
884637	102	58
885530	91	47
886299	975	378
886326	1542	557
887390	2157	693
890154	1354	512
890165	1167	522
890299	1048	398
890391	1302	461
890873	1561	593
891197	1463	575
892185	1848	705
892499	1491	587
895816	1324	581
895827	754	329
896288	944	349
896394	1117	456
897005	1428	600
897749	1483	647
900201	1003	410
901788	1136	457
902379	1180	459
902479	1932	820
902762	1443	591
902821	971	461
902850	1206	478
903227	1440	623
904198	843	428
905152	1281	555
905168	978	408
905201	1101	465
905305	895	374
906782	458	237
910870	225	118
912290	1462	584
913788	1341	519
916015	1091	512
917325	1046	474
917347	1331	546
917498	1340	640
918578	1742	607
918761	1382	590
918763	1122	469
919198	1524	608
920044	1078	380
920834	1575	615
920902	810	357
922866	735	304
923007	1612	632
923062	719	323
923503	1022	412
923676	1036	410
923769	858	348
924584	1037	419
924833	854	385
928137	382	168
929131	417	187
932052	550	252
933192	1017	397
935416	127	84
936853	284	143
937750	80	54
938506	250	132
938587	76	38
938996	910	351
939135	143	81
940362	1986	713
940601	1968	670
940639	205	117
940684	898	332
940701	2844	862
941764	83	46
941829	69	52
942358	559	246
943073	726	349
943401	1270	553
944953	66	37
945700	440	165
946108	351	185
947243	1099	451
947244	1241	521
953142	1379	436
953173	843	325
953296	1349	480
953435	127	65
953462	275	169
954117	224	99
954193	282	171
954464	531	203
954654	60	36
955992	304	174
956060	419	197
956082	617	266
956156	131	86
956168	131	86
956173	284	169
958209	74	46
958231	215	107
958388	818	420
958718	777	317
958747	271	126
962532	285	139
963071	170	101
963393	155	69
963950	57	41
964654	107	65
964747	102	72
966818	91	58
969786	210	118
972731	35	25
973263	321	174
973467	741	379
973468	166	101
973514	325	162
973933	207	141
974950	117	74
975417	168	89
976021	147	102
976530	312	144
976821	148	77
976980	72	45
977871	77	50
978867	93	57
979504	98	61
979628	226	96
979821	625	304
980096	226	96
980250	187	117
981630	96	64
981835	54	41
982295	41	31
982952	695	322
983347	232	98
984876	234	150
985254	113	72
988760	223	142
991839	419	212
992430	144	93
992486	341	164
993278	75	52
994422	70	48
994858	118	77
994909	148	90
995312	188	103
996083	111	69
996540	131	85
996574	131	85
998091	127	76
998580	335	166
998920	146	93
999287	76	54
1000853	299	154
1001063	907	448
1001070	882	322
1001407	695	342
1002060	1321	453
1002596	161	104
1002734	654	297
1002951	1078	452
1004032	115	68
1004129	262	166
1004652	256	166
1005181	1274	576
1005477	307	144
1005633	307	144
1006039	1338	482
1006486	478	257
1007209	162	98
1008107	1905	714
1009544	417	226
1010230	374	186
1010402	113	81
1011767	364	179
1011972	695	349
1012170	1229	492
1013399	1484	570
1013547	293	137
1013946	556	237
1013964	295	154
1014176	377	189
1017267	1152	451
1017815	333	223
1018588	809	385
1019148	682	357
1019602	283	184
1019631	283	184
1019915	145	90
1019964	1122	376
1019995	1910	734
1021104	99	55
1021107	285	166
1021131	72	42
1021342	259	124
1021378	259	124
1021828	66	43
1022161	67	39
1022649	527	264
1022783	818	338
1022814	1578	586
1023276	169	98
1025666	226	120
1026259	81	51
1026495	181	105
1026658	83	57
1026695	213	108
1027020	104	60
1027101	180	101
1027609	1244	492
1027643	121	66
1027662	1005	401
1027737	117	66
1027828	181	98
1027929	150	95
1028329	150	95
1028348	49	31
1028372	95	63
1028484	185	81
1030255	1227	547
1030578	186	110
1030834	1459	579
1030938	635	252
1031163	178	110
1032062	206	132
1032168	474	246
1032475	256	133
1033041	116	70
1033061	163	79
1033105	124	76
1033451	109	66
1033731	125	80
1033776	828	348
1034733	942	406
1034745	890	386
1035361	744	331
1035371	1034	434
1035460	253	124
1035920	490	181
1036229	322	167
1036257	139	63
1036818	198	117
1036974	285	156
1038045	1206	444
1038059	1136	441
1038849	183	117
1040026	71	41
1041335	237	125
1042652	663	305
1042965	605	264
1043001	343	155
1044133	151	88
1045450	254	155
1045535	284	158
1045598	137	82
1045765	605	291
1045807	1242	533
1047089	246	141
1047114	1043	432
1047855	127	69
1048020	266	97
1048405	266	97
1048895	237	138
1048977	1358	424
1051546	55	45
1051771	113	72
1051783	113	72
1051854	407	188
1052693	1112	453
1052926	94	58
1054216	115	76
1055203	146	104
1057777	167	109
1061470	974	424
1061642	672	347
1061664	235	137
1062927	337	139
1063248	95	69
1064504	67	54
1064603	225	127
1065710	356	201
1067381	105	65
1067825	251	126
1068012	39	28
1068577	99	69
1068857	730	298
1069239	606	268
1070620	1071	416
1071476	1478	544
1073409	125	71
1075956	136	85
1076949	200	132
1079883	156	69
1080790	1024	451
1081047	1974	627
1081752	1387	595
1082434	875	371
1082830	134	91
1083626	62	42
1083663	188	118
1083670	75	46
1084500	847	394
1085142	1546	649
1085180	113	80
1086061	435	227
1086238	331	184
1088992	36	28
1090396	236	136
1091052	224	141
1093895	140	85
1096036	556	230
1096105	563	235
1096647	42	24
1098996	69	57
1099048	390	179
1099445	671	316
1103299	229	144
1103657	226	117
1105389	169	102
1110690	1108	432
1114891	121	81
1116749	864	289
1118593	105	64
1118843	79	47
1118972	218	126
1119041	234	144
1121729	479	214
1124628	153	102
1125394	1129	500
1125395	1169	501
1128697	116	59
1128710	599	264
1130996	91	66
1131829	127	83
1131939	192	105
1132558	1189	566
1132952	704	314
1134416	919	451
1136303	94	63
1136337	94	63
1139385	91	65
1139508	114	79
1141572	1133	557
1142521	209	71
1145822	1434	589
1146757	692	297
1147520	1350	513
1147806	282	157
1148054	152	94
1149405	177	114
1153663	90	63
1154792	369	206
1156183	108	58
1156819	162	114
1156884	221	142
1157578	81	49
1158207	66	54
1158245	369	194
1160247	864	356
1160366	613	246
1160404	1142	515
1164014	555	219
1164114	121	76
1167632	110	68
1171691	321	151
1171970	163	105
1173250	81	45
1173772	27	21
1173816	353	189
1174808	1064	484
1177706	1814	522
1177746	119	85
1177748	130	87
1177758	800	296
1178300	974	387
1178970	1000	415
1179147	1300	487
1179315	56	42
1181314	45	30
1187574	103	57
1187790	233	121
1187799	234	135
1187812	233	121
1187821	234	135
1188095	562	259
1188255	229	133
1188429	292	144
1188575	688	298
1192046	1203	497
1194787	69	56
1195333	178	129
1195944	89	63
1198568	65	51
1198996	163	98
1202631	1507	650
1203583	6744	1351
1204384	284	165
1204822	205	118
1206042	98	71
1206527	75	51
1213670	267	124
1215207	110	63
1216220	549	249
1217877	1396	504
1218295	92	67
1218926	174	105
1219721	1005	383
1220438	122	69
1223086	80	49
1223094	70	54
1223844	158	104
1227761	63	49
1227954	93	50
1229564	833	287
1230094	322	125
1231206	70	50
1235957	1302	556
1236431	924	445
1240971	322	140
1241022	323	140
1241473	342	195
1241661	7070	1786
1244907	1198	501
1245488	65	40
1245593	366	202
1246619	98	43
1246731	143	77
1247155	100	49
1247167	232	142
1248431	246	130
1252842	444	207
1253571	252	147
1254354	250	125
1254667	134	95
1267597	180	119
1267622	334	182
1268030	156	93
1268535	143	88
1275165	69	49
1275182	134	76
1275433	141	78
1276227	154	75
1278939	246	152
1280086	213	107
1281998	145	83
1284254	161	102
1287027	154	111
1287948	142	89
1289613	150	89
1289934	182	103
1290144	324	178
1290209	2194	662
1290707	67	52
1291337	86	57
1291683	160	111
1294782	347	192
1295934	276	142
1297238	109	72
1297846	542	214
1298814	138	86
1300659	79	42
1303515	149	93
1304211	197	115
1308063	139	86
1308203	432	243
1309307	280	114
1311728	100	65
1312279	319	189
1312301	711	302
1312715	378	216
1313033	142	77
1313150	60	46
1313434	141	79
1313460	1411	506
1313628	74	52
1314712	79	55
1315100	1151	557
1315574	1309	511
1317265	101	60
1318421	701	356
1318438	1110	430
1322873	1275	509
1323051	234	146
1324106	183	99
1324787	79	50
1325906	119	68
1326162	122	73
1334885	76	55
1336171	3025	987
1336172	5472	1316
1337553	165	127
1337658	3587	1012
1337659	1941	744
1337839	258	138
1338185	94	70
1338732	5930	1646
1343447	125	60
1343570	3101	923
1349065	352	168
1349868	76	50
1352440	189	105
1352925	1195	458
1354343	1850	569
1355124	38	25
1355634	413	211
1356015	361	221
1358876	186	88
1360181	157	94
1360224	176	99
1360303	349	164
1361343	2365	765
1363266	129	78
1364208	176	112
1364305	1141	512
1364664	94	60
1364682	293	169
1364685	208	123
1364714	172	122
1366610	169	97
1370935	972	425
1372002	951	379
1372512	704	307
1372934	566	243
1374636	1204	420
1376994	102	58
1377416	172	82
1377964	924	396
1378417	891	392
1380859	261	130
1381760	87	54
1382058	1215	489
1384719	147	98
1385072	966	415
1386318	99	64
1387137	75	58
1387298	134	89
1389071	1016	488
1389166	643	242
1393914	31897	3069
1394086	731	279
1394592	665	286
1395631	134	71
1401404	4826	1277
1404558	120	70
1405005	1087	434
1407637	55	36
1407966	597	277
1408632	377	140
1408745	67	45
1409820	7694	1757
1409950	236	126
1413815	96	60
1416353	6023	1440
1419113	963	374
1420484	93	60
1421991	1008	439
1423289	310	130
1426764	61	48
1432051	162	74
1434212	8262	1372
1436518	607	291
1439089	100	65
1439687	714	379
1440945	98	74
1442579	59	41
1442602	144	85
1444265	2433	700
1444688	254	149
1444939	255	140
1447522	162	83
1448169	205	97
1448440	281	141
1450692	537	204
1451704	180	90
1451728	388	201
1451754	265	145
1452887	348	152
1453169	134	86
1457705	110	65
1458135	172	96
1458959	210	113
1461566	201	111
1465588	175	89
1466587	242	128
1469375	289	148
1469905	100	67
1470837	171	94
1470921	84	61
1472714	143	71
1473028	204	140
1474014	70	41
1478686	185	104
1478735	193	100
1479029	165	105
1482964	349	175
1483132	329	160
1483214	332	162
1485972	105	68
1486705	198	125
1488789	302	141
1488951	269	130
1489400	303	139
1495052	1275	392
1498019	1185	445
1502658	460	205
1503463	125	76
1505323	78	35
1509840	337	159
1520559	181	103
1521135	157	83
1522471	313	142
1525111	97	65
1527423	1920	759
1532119	1584	595
1533485	129	84
1534177	7083	1550
1534799	210	113
1535128	210	114
1535325	249	130
1542912	209	103
1546460	405	187
1546477	474	233
1546532	282	130
1546933	181	125
1547061	144	85
1548405	124	78
1551099	146	77
1557544	207	118
1566461	1127	411
1566548	265	153
1566623	146	86
1566767	583	304
1566813	146	87
1566846	287	151
1566897	337	159
1566968	2857	917
1567125	126	87
1567213	147	85
1567328	754	367
1567450	406	191
1567618	548	242
1567876	215	113
1568390	400	223
1568454	400	222
1573476	134	90
1575880	269	118
1576087	95	67
1578659	171	101
1579306	67	44
1581432	413	212
1581460	123	70
1585152	445	217
1585197	56	45
1585267	447	215
1585635	148	102
1590268	249	110
1597482	816	406
1598520	158	105
1599291	319	164
1599825	421	211
1600042	403	182
1600261	869	417
1600652	1120	461
1607349	163	75
1608508	84	58
1608912	78	48
1609636	916	291
1609677	72	44
1610961	195	90
1610975	307	154
1612553	393	182
1615183	128	75
1615232	110	83
1615556	129	74
1617234	1143	496
1617237	934	404
1617460	312	147
1617559	229	106
1618023	389	186
1618058	230	106
1618174	310	146
1618194	177	91
1622064	1371	666
1622582	137	71
1622856	152	83
1623169	117	81
1623318	1048	432
1623964	1590	511
1624541	495	244
1624947	175	70
1625039	173	71
1625749	144	93
1627394	137	90
1627422	195	112
1627948	1296	492
1631527	108	75
1633228	109	81
1633796	320	182
1633974	1248	512
1634291	1258	413
1634390	149	81
1635255	724	372
1635463	122	78
1635825	126	80
1636068	377	189
1636283	2469	839
1636528	2157	775
1636595	876	432
1636634	140	78
1640331	270	133
1641430	342	155
1642683	115	85
1648547	1098	437
1650364	203	104
1650935	677	352
1655308	1129	423
1656684	797	328
1656824	243	140
1659106	282	157
1660374	1287	512
1660520	195	113
1660606	513	211
1660674	175	97
1668828	98	65
1668976	4721	1357
1669233	2087	705
1669430	366	223
1669590	4455	1331
1669792	3209	1030
1669874	184	106
1669880	1190	474
1669943	184	106
1669982	2632	897
1669985	3921	1130
1670562	1463	527
1670635	2730	838
1670662	3919	1047
1670731	2756	847
1671293	617	279
1671603	351	222
1673869	53	44
1673891	172	98
1675506	738	364
1675628	1020	452
1675778	742	363
1677017	358	203
1678715	371	211
1678990	657	300
1679110	1148	498
1679235	170	94
1679352	648	293
1679447	69	48
1682222	178	103
1683829	414	219
1689915	140	90
1693831	1064	502
1694350	114	67
1694875	134	76
1695657	66	38
1700658	2371	634
1700687	2568	687
1700778	1641	498
1700803	2572	687
1704692	67	43
1706127	172	87
1712393	321	172
1715371	123	79
1716440	54	34
1719879	48	35
1720942	254	161
1721390	97	54
1721405	284	170
1730120	342	189
1730940	935	408
1730982	431	195
1731508	1429	524
1731656	1268	459
1733216	1671	526
1738604	158	97
1741525	437	197
1743596	42	34
1745214	105	67
1745670	378	181
1746303	45	36
1747156	77	60
1748006	486	229
1748357	52	36
1750046	3285	842
1750771	192	109
1755910	836	310
1756417	127	72
1756587	121	69
1757479	133	73
1760506	49	34
1763462	81	48
1764951	2039	635
1765000	42	27
1765051	2425	737
1765054	3188	834
1766391	278	160
1767193	1063	437
1767557	69	53
1768316	787	377
1768422	110	79
1770952	99	64
1771083	315	151
1771201	195	119
1771389	169	95
1771794	1056	438
1772978	205	111
1773042	752	311
1774577	85	52
1776113	50	41
1777491	186	97
1777655	176	87
1777767	342	186
1779969	308	181
1780427	40	29
1780838	1173	413
1782203	94	78
1782244	85	59
1783112	42	36
1785598	3096	1013
1785805	3820	1149
1785806	196	112
1786077	298	148
1786147	1406	512
1786191	165	90
1786329	306	156
1786432	225	137
1786749	731	340
1788795	450	213
1791596	183	99
1794645	150	88
1794673	29	25
1794771	127	75
1795100	2265	710
1795109	570	227
1795241	2145	679
1795249	571	229
1795285	40	34
1795450	203	117
1796195	351	197
1797305	34	29
1799751	284	153
1802617	235	120
1803290	1287	538
1805657	1209	555
1807188	28	23
1807345	155	93
1807452	314	180
1807731	227	125
1807880	929	356
1808135	1127	438
1809177	102	74
1810378	58	49
1811270	811	354
1813668	4836	550
1814794	227	123
1818031	121	66
1818134	78	58
1821914	34	29
1824603	35	31
1824936	46	36
1827346	71	46
1827576	191	96
1830251	116	60
1832011	994	515
1832189	119	77
1832604	88	56
1835795	706	309
1847691	67	50
1849260	165	84
1851229	272	162
1851456	177	89
1852507	1186	480
1853899	31	27
1854161	125	72
1855494	355	229
1855530	125	79
1855658	577	324
1855931	1159	497
1856101	985	442
1856459	1224	436
1856546	927	357
1856756	1810	606
1862188	56	43
1864993	48	44
1865409	853	320
1865466	109	72
1865781	1093	419
1866535	234	155
1867929	78	45
1873317	1019	404
1877323	28	23
1879518	225	137
1880765	542	237
1881488	711	293
1881989	498	260
1882356	979	421
1882488	1199	483
1885206	99	56
1885500	500	254
1885723	726	299
1886304	138	81
1886350	764	372
1888680	199	100
1888696	207	104
1889074	1189	438
1889956	362	161
1890081	124	71
1891261	585	240
1893408	171	98
1895884	85	60
1896607	258	149
1897008	93	64
1897855	60	50
1897955	108	71
1898125	232	127
1898989	136	85
1899963	3156	969
1900337	92	62
1900912	376	174
1901401	650	306
1901612	94	65
1901909	63	47
1901990	1547	594
1904758	120	83
1904813	102	70
1905090	75	55
1905843	1574	559
1906567	751	271
1907116	48	36
1907258	171	99
1907570	758	264
1909134	106	68
1909246	490	260
1909608	332	159
1911553	124	63
1911677	50	36
1911701	129	82
1912981	163	91
1913338	1449	560
1914761	234	129
1915088	715	286
1915300	88	49
1916167	1032	384
1916170	816	405
1916750	230	127
1916831	717	292
1916951	209	76
1917014	1490	506
1917259	1222	421
1917291	881	372
1917704	171	93
1917930	1451	586
1918164	795	282
1918343	51	37
1918903	37	32
1920729	75	48
1920971	118	70
1921640	1378	512
1922714	1276	493
1923259	229	128
1923302	222	116
1924563	57	44
1924672	750	297
1926414	364	175
1926519	92	70
1926954	362	170
1927591	81	49
1929605	372	147
1929917	243	115
1930102	116	67
1932083	404	185
1934634	97	73
1935174	229	146
1935513	104	68
1935558	315	204
1936693	47	37
1936703	98	62
1937999	229	122
1938635	536	240
1938913	167	114
1939497	110	60
1939565	107	53
1940690	117	59
1941710	100	72
1941897	30	24
1942951	92	60
1943528	125	75
1944526	351	158
1944851	285	128
1945598	505	227
1945876	60	40
1946489	1010	428
1946855	92	57
1948039	27	23
1949430	321	186
1949733	54	39
1949773	97	62
1950454	1115	549
1953510	342	173
1954035	68	46
1956509	182	88
1958387	112	68
1958688	538	216
1960805	615	220
1961716	69	39
1963908	45	38
1964603	106	68
1966459	98	57
1966862	134	86
1967082	267	163
1967175	76	56
1967423	108	74
1967773	351	182
1968396	573	289
1970325	84	49
1971094	1595	512
1971099	141	80
1971519	191	95
1973830	1350	486
1975361	217	95
1977052	2171	725
1977628	427	169
1978229	558	205
1982514	1102	385
1983013	73	59
1986086	163	103
1988254	269	113
1988789	98	56
1988867	69	50
1989035	187	107
1989128	108	67
1989358	102	61
1989406	1168	437
1989609	425	211
1989807	416	197
1990239	327	140
1991085	553	236
1991359	400	206
1992010	118	59
1992092	480	264
1992150	573	294
1992776	281	137
1992859	82	57
1993311	615	244
1993578	1610	611
1993956	445	187
1994466	147	78
1994685	92	61
1995116	359	195
1995427	299	111
1995550	389	158
1995735	239	145
1997386	74	50
1998016	112	69
1998020	1271	530
1998508	185	94
1998693	63	50
2000114	1787	617
2000282	314	150
2000370	820	349
2000414	700	308
2002531	510	214
2002809	1193	410
2003322	813	365
2003336	332	142
2004171	395	155
2004769	161	84
2006299	334	153
2006614	344	159
2008037	105	56
2008099	179	94
2008399	524	209
2008560	136	75
2008762	597	215
2010009	168	88
2010067	672	247
2011921	573	256
2011972	626	242
2012055	303	126
2012189	1774	627
2014483	114	83
2015519	815	338
2018355	1293	530
2020838	2360	839
2020963	44	35
2022205	750	370
2022214	374	180
2023693	1156	471
2024038	273	129
2025843	2142	629
2026005	572	261
2026022	340	156
2026243	423	217
2026749	800	311
2027677	102	59
2028406	316	154
2028845	733	291
2028903	58	48
2029196	435	214
2030667	1096	483
2032662	1112	520
2034321	70	45
2036038	1026	448
2036966	1484	531
2036989	178	113
2037110	1359	534
2037352	110	61
2038151	622	319
2038556	1451	522
2040137	216	125
2043535	293	154
2043715	118	77
2043921	288	166
2043972	291	160
2050941	1476	537
2051963	861	402
2054933	57	38
2057641	1210	430
2060931	399	190
2065329	319	144
2066907	1053	485
2069256	213	112
2073767	316	172
2074131	193	122
2074399	776	413
2074517	310	181
2075078	107	71
2076122	135	80
2077545	1334	481
2078114	1271	504
2079116	272	170
2080009	1521	644
2080387	3994	1065
2081434	747	409
2081556	347	191
2081589	687	340
2081672	913	459
2082878	1431	563
2082945	424	195
2083137	153	108
2084101	119	82
2084869	1106	433
2085784	544	298
2085803	108	63
2086135	273	134
2087992	862	380
2089805	455	186
2091920	383	182
2093170	294	144
2093541	1299	426
2093839	108	68
2094257	363	188
2094548	988	408
2094815	223	107
2094985	308	177
2095842	92	42
2098052	152	84
2098442	81	60
2099355	112	66
2099881	70	45
2100068	77	57
2100208	113	70
2105023	470	210
2109391	252	136
2110174	73	49
2113037	83	52
2114837	394	209
2116046	585	273
2117093	310	175
2117155	211	83
2117200	1227	509
2118252	302	163
2119213	644	277
2120225	145	86
2120575	2020	692
2123460	230	135
2123474	64	35
2125793	1694	557
2126794	378	188
2127517	1040	359
2128821	326	141
2129672	1354	499
2131256	365	144
2133591	112	66
2133624	940	362
2133886	689	252
2134091	32	21
2136144	803	291
2136515	2165	668
2136604	1216	453
2137551	120	66
2138479	1938	649
2143017	402	185
2144538	260	136
2149607	47	36
2150445	320	137
2151743	196	115
2152595	68	52
2153033	1126	462
2157976	314	127
2158083	219	118
2165701	528	204
2166687	73	53
2166992	1419	479
2167386	111	76
2167397	245	144
2167847	127	86
2168201	131	91
2169520	117	74
2170418	660	289
2171441	455	246
2172055	885	387
2172440	591	220
2172466	68	47
2172686	134	84
2179111	379	206
2179308	127	73
2180299	813	380
2180678	1047	445
2181555	95	62
2181880	137	72
2184911	1045	453
2185584	1014	385
2185772	97	67
2194983	54	30
2196697	56	40
2201266	827	334
2201472	143	80
2201916	1985	688
2202296	2781	850
2202480	329	174
2202875	524	231
2203058	153	95
2204142	142	86
2204548	82	50
2205363	188	94
2211331	277	188
2212418	236	144
2213292	104	72
2216231	157	97
2218582	128	92
2218633	2877	913
2223107	1356	552
2225710	146	97
2226241	3061	950
2226315	502	242
2228913	65	42
2229717	75	55
2229909	1123	452
2238374	2980	1031
2238727	131	94
2242946	931	384
2244818	2296	790
2245572	1852	589
2249595	1508	625
2250326	2306	838
2250547	4507	1242
2250617	2974	881
2250721	414	206
2250760	1914	656
2250955	2472	811
2251112	267	149
2251195	4747	1274
2253468	1408	568
2255538	281	167
2255594	382	184
2258161	966	385
2259426	205	122
2259471	131	61
2259494	269	151
2260341	213	113
2262897	296	175
2262962	198	107
2264434	212	127
2265066	145	83
2271931	137	88
2272592	177	91
2272688	93	50
2272739	178	117
2272794	329	149
2272826	170	100
2274296	91	58
2275712	233	115
2276178	213	102
2282132	303	149
2282202	272	134
2282416	254	147
2282442	275	151
2282497	232	123
2282586	256	142
2282607	142	91
2282618	286	151
2282623	240	138
2282625	403	209
2284483	376	167
2284501	181	96
2284529	233	111
2287404	100	54
2288517	206	117
2288566	110	73
2289904	97	53
2292790	123	61
2295450	137	89
2296195	187	97
2296309	208	114
2296387	132	71
2297698	89	49
2298612	200	106
2303766	221	127
2304283	115	61
2306524	164	90
2306573	109	58
2306760	153	91
2308315	228	97
2308372	89	49
2308547	185	117
2310919	129	82
2316652	104	57
2318109	108	55
2322625	96	59
2323115	109	68
2324091	180	94
2324518	143	73
2327902	137	85
2333631	216	122
2334493	197	88
2336342	148	73
2337248	162	102
2338030	350	168
2339458	272	141
2339683	100	58
2339742	222	124
2341735	392	169
2343354	295	169
2345383	164	88
2345421	74	46
2351737	78	50
2352248	115	54
2355366	99	55
2356729	68	42
2356782	395	202
2357346	261	146
2357382	325	182
2359134	102	60
2360028	184	110
2361146	100	59
2361662	200	115
2361701	254	117
2361706	321	124
2361790	89	56
2361883	73	39
2362784	154	78
2363402	104	63
2363998	193	94
2364316	96	62
2364547	218	101
2364645	121	54
2365264	108	62
2366377	113	69
2367037	93	47
2367121	173	68
2367480	99	62
2367503	179	78
2367571	252	143
2367590	203	92
2367668	172	89
2367669	229	119
2367916	163	88
2368125	104	59
2368310	147	87
2368653	139	70
2371496	98	47
2372394	69	38
2372673	86	54
2373033	98	47
2373346	247	144
2373535	146	81
2375006	110	58
2375776	146	78
2376250	93	56
2377638	61	40
2378515	177	70
2378593	161	80
2380952	131	80
2384042	219	124
2384228	118	56
2384605	72	35
2385089	1242	396
2385988	140	86
2386609	249	138
2387091	103	59
2387953	92	48
2389128	128	85
2390510	285	144
2391378	81	55
2392112	251	133
2392190	77	39
2392551	84	47
2392616	70	53
2394595	67	38
2397974	255	165
2400056	100	56
2400085	73	43
2400130	70	44
2400652	82	52
2400734	106	60
2400802	180	102
2400822	120	69
2400905	186	82
2401470	117	71
2401609	126	81
2401709	1015	414
2401720	889	386
2401777	254	125
2401916	140	64
2402002	286	157
2402389	72	42
2402964	114	73
2403424	128	70
2405461	240	137
2406452	127	72
2408394	237	137
2413220	193	106
2416168	109	59
2417080	122	77
2423401	110	62
2424651	94	51
2426896	1151	339
2430728	728	268
2431726	316	152
2431932	717	246
2432506	530	208
2432593	568	219
2433225	797	322
2433707	501	167
2433747	537	170
2433976	689	230
2434049	764	230
2434274	135	50
2434546	525	186
2434640	421	187
2434982	532	238
2436051	469	169
2436067	590	225
2437439	31990	3060
2437762	301	137
2438856	1146	382
2439494	151	62
2443151	221	132
2445628	383	188
2446447	541	226
2446954	214	124
2452133	192	104
2456967	501	168
2458274	159	99
2458715	211	114
2459172	602	198
2459220	1084	373
2459234	265	138
2459289	205	115
2460122	349	164
2460140	819	325
2460155	1189	356
2461185	176	98
2461423	1661	542
2461562	268	120
2462346	2738	802
2462763	534	287
2462789	307	143
2462794	430	214
2462801	966	336
2463052	202	110
2463347	475	197
2464016	232	92
2464591	233	126
2465203	1553	523
2466130	191	115
2467775	8085	1607
2468030	326	159
2469070	2280	554
2471329	177	100
2474549	187	95
2477554	224	113
2477649	410	202
2478385	160	87
2479701	279	126
2483153	819	281
2483169	332	168
2483833	172	103
2483873	133	74
2483991	246	136
2484006	382	198
2484695	733	292
2486080	475	220
2486478	752	302
2487038	271	121
2487632	196	112
2488553	145	102
2488895	298	155
2489690	208	111
2490818	261	139
2491656	207	105
2491696	398	184
2491742	323	137
2491763	138	93
2491781	194	126
2493328	235	132
2493358	234	132
2493471	148	90
2493493	321	126
2493588	98	69
2493701	372	176
2493954	412	214
2493968	660	261
2494064	267	159
2494109	148	82
2494138	210	130
2494184	437	199
2494291	125	79
2494632	178	110
2495454	3173	961
2496358	104	75
2496536	434	200
2496567	224	110
2496876	184	113
2498336	503	242
2499429	1016	339
2499675	195	101
2500424	178	97
2500795	191	114
2500852	231	121
2500944	291	146
2501069	528	213
2501404	185	116
2501422	179	90
2502126	107	56
2503087	298	118
2503303	156	88
2503519	236	127
2503741	189	123
2504996	330	143
2505128	81	53
2505569	219	104
2505698	200	126
2507479	130	78
2508999	788	303
2509428	120	74
2509444	461	215
2509850	234	120
2510636	166	103
2511460	193	115
2512387	93	58
2516091	171	95
2517382	201	105
2517633	98	68
2518206	206	127
2521553	161	101
2524144	380	198
2524460	235	119
2526712	102	72
2529209	541	248
2530649	683	329
2530670	530	240
2530671	588	301
2533041	156	85
2535245	189	112
2540932	236	126
2541010	320	152
2543127	2169	699
2543134	559	182
2549885	353	156
2551511	315	159
2551620	2250	741
2554843	457	215
2554897	2122	588
2556227	387	193
2561282	450	228
2561287	1069	401
2561306	362	192
2562292	197	108
2563561	195	111
2564659	1975	724
2564681	142	76
2564942	128	86
2565334	224	123
2565395	120	70
2565678	206	112
2565696	307	136
2565904	312	165
2566584	177	99
2567895	105	59
2570516	255	130
2571378	179	121
2571422	112	66
2574885	277	164
2575755	188	108
2581456	212	122
2584208	146	93
2584256	195	103
2587252	217	116
2589131	867	402
2590555	690	278
2590574	129	66
2592663	907	409
2592704	974	336
2593502	1044	454
2595163	1217	501
2596390	243	93
2597714	257	105
2597968	212	118
2598121	1463	575
2600907	280	139
2602552	122	69
2603428	4846	1248
2604203	219	111
2612117	144	57
2612308	225	130
2613229	195	100
2614171	177	101
2616520	224	105
2616664	111	62
2617336	164	90
2619366	255	116
2619521	228	91
2619540	157	78
2619572	307	165
2619641	413	168
2623469	843	435
2623773	141	93
2624896	159	96
2624906	986	444
2627894	478	218
2627933	477	218
2629416	391	165
2633465	110	59
2634646	104	61
2634818	344	169
2635749	859	403
2635921	166	93
2638711	108	64
2639246	215	117
2639429	240	131
2641235	145	77
2641549	178	97
2643547	179	77
2646971	740	284
2649536	871	431
2651183	191	127
2651219	218	137
2652549	139	89
2654911	180	113
2655469	296	135
2655511	489	189
2655795	313	139
2656883	530	237
2657294	296	148
2657451	401	202
2658495	302	140
2660326	401	213
2660422	137	70
2662668	724	342
2662773	125	71
2663159	171	110
2663941	298	118
2665729	150	78
2666069	196	97
2666140	262	133
2666273	420	204
2666312	662	296
2666527	193	113
2666619	198	117
2667137	430	197
2670015	202	110
2671181	706	362
2672088	806	409
2672846	150	101
2673718	176	113
2679121	299	157
2681799	371	158
2682749	173	77
2682814	305	160
2686413	120	60
2688447	142	82
2688497	243	129
2692135	422	212
2692290	414	211
2693091	272	138
2695462	434	196
2699684	834	424
2704393	281	147
2705937	108	64
2707692	334	141
2710167	188	95
2713439	116	74
2713951	96	54
2717276	148	73
2718164	264	138
2718666	287	142
2719221	398	162
2719404	379	161
2722676	449	212
2723369	596	264
2727818	142	80
2727892	129	70
2727987	153	81
2728165	177	81
2732132	358	181
2732295	578	245
2734051	284	135
2734441	712	267
2734547	320	161
2734653	328	162
2734662	116	69
2735729	210	107
2737103	155	99
2743357	165	105
2745118	326	157
2745397	322	150
2746297	795	302
2747283	355	169
2747339	357	163
2752159	281	130
2754278	461	236
2761856	114	63
2763668	170	91
2766535	152	75
2766596	178	99
2767318	95	51
2767448	407	174
2767465	192	116
2767685	636	271
2772604	492	212
2773180	786	369
2775909	153	85
2776423	201	102
2777298	149	81
2777684	488	184
2777960	70	43
2778445	329	155
2778542	851	246
2778619	176	91
2781645	474	185
2783517	238	108
2784170	214	97
2784527	233	116
2784533	438	172
2784865	550	250
2786658	286	162
2787581	109	69
2788110	133	73
2788739	191	84
2789429	218	95
2789432	258	134
2793351	199	99
2794386	358	147
2794745	543	232
2794784	320	140
2795669	157	88
2795842	2893	793
2797113	837	298
2801440	103	60
2802828	184	109
2803006	115	66
2803093	452	233
2803444	240	127
2803760	428	178
2804242	315	146
2804326	522	229
2804409	482	190
2804533	468	267
2804753	2026	693
2804757	459	220
2804809	281	146
2804819	2201	705
2804835	2068	694
2804947	286	147
2804955	175	102
2805003	543	194
2805496	914	342
2807908	222	108
2811719	483	212
2814708	170	109
2816348	363	174
2816399	195	77
2816602	238	140
2816994	114	63
2817120	94	60
2817659	91	49
2817668	326	140
2818033	146	81
2818127	287	127
2819639	396	216
2819866	874	327
2832814	232	123
2844125	91	63
2845025	184	100
2846311	247	140
2846371	124	69
2848349	207	113
2849225	105	67
2859048	213	119
2860142	82	52
2862760	156	85
2863228	109	61
2864128	144	81
2870455	201	105
2873448	163	100
2875050	367	186
2875502	285	149
2877236	119	69
2879004	74	49
2879166	118	65
2881132	76	39
2881249	115	65
2881286	88	55
2883016	559	240
2883107	369	201
